CP001429.2	0	655	0
CP001429.2	655	677	1
CP001429.2	677	678	0
CP001429.2	678	730	1
CP001429.2	730	763	0
CP001429.2	763	841	1
CP001429.2	841	1967	0
CP001429.2	1967	2021	1
CP001429.2	2021	3897	0
CP001429.2	3897	3992	1
CP001429.2	3992	4484	0
CP001429.2	4484	4548	1
CP001429.2	4548	5027	0
CP001429.2	5027	5273	1
CP001429.2	5273	5279	2
CP001429.2	5279	5420	1
CP001429.2	5420	6351	0
CP001429.2	6351	6422	1
CP001429.2	6422	6516	2
CP001429.2	6516	6568	1
CP001429.2	6568	7552	0
CP001429.2	7552	7675	1
CP001429.2	7675	7677	0
CP001429.2	7677	7692	1
CP001429.2	7692	9538	0
CP001429.2	9538	9568	1
CP001429.2	9568	9571	0
CP001429.2	9571	9607	1
CP001429.2	9607	10200	0
CP001429.2	10200	10266	1
CP001429.2	10266	10269	0
CP001429.2	10269	10288	1
CP001429.2	10288	11121	0
CP001429.2	11121	11130	1
CP001429.2	11130	11131	0
CP001429.2	11131	11159	1
CP001429.2	11159	11186	2
CP001429.2	11186	11197	1
CP001429.2	11197	11915	0
CP001429.2	11915	11984	1
CP001429.2	11984	12347	0
CP001429.2	12347	12455	1
CP001429.2	12455	13514	0
CP001429.2	13514	13580	1
CP001429.2	13580	13726	0
CP001429.2	13726	13737	1
CP001429.2	13737	13738	0
CP001429.2	13738	13887	1
CP001429.2	13887	14975	0
CP001429.2	14975	15147	1
CP001429.2	15147	17615	0
CP001429.2	17615	17660	1
CP001429.2	17660	17661	0
CP001429.2	17661	17675	1
CP001429.2	17675	17721	2
CP001429.2	17721	17833	1
CP001429.2	17833	17852	2
CP001429.2	17852	17892	1
CP001429.2	17892	19002	0
CP001429.2	19002	19175	1
CP001429.2	19175	19595	0
CP001429.2	19595	19703	1
CP001429.2	19703	19829	0
CP001429.2	19829	19980	1
CP001429.2	19980	20149	0
CP001429.2	20149	20252	1
CP001429.2	20252	20708	0
CP001429.2	20708	20738	1
CP001429.2	20738	20739	0
CP001429.2	20739	20770	1
CP001429.2	20770	20868	0
CP001429.2	20868	20931	1
CP001429.2	20931	23650	0
CP001429.2	23650	23721	1
CP001429.2	23721	23723	0
CP001429.2	23723	23734	1
CP001429.2	23734	24482	0
CP001429.2	24482	24525	1
CP001429.2	24525	24526	0
CP001429.2	24526	24562	1
CP001429.2	24562	24564	0
CP001429.2	24564	24592	1
CP001429.2	24592	24726	0
CP001429.2	24726	24911	1
CP001429.2	24911	25061	0
CP001429.2	25061	25154	1
CP001429.2	25154	25349	0
CP001429.2	25349	25394	1
CP001429.2	25394	25395	0
CP001429.2	25395	25509	1
CP001429.2	25509	25512	0
CP001429.2	25512	25592	1
CP001429.2	25592	25593	0
CP001429.2	25593	25859	1
CP001429.2	25859	25863	0
CP001429.2	25863	25872	1
CP001429.2	25872	25950	2
CP001429.2	25950	26035	1
CP001429.2	26035	26447	0
CP001429.2	26447	26497	1
CP001429.2	26497	26499	0
CP001429.2	26499	26521	1
CP001429.2	26521	26601	0
CP001429.2	26601	26675	1
CP001429.2	26675	26903	0
CP001429.2	26903	26995	1
CP001429.2	26995	27629	0
CP001429.2	27629	27800	1
CP001429.2	27800	28582	0
CP001429.2	28582	28701	1
CP001429.2	28701	30621	0
CP001429.2	30621	30715	1
CP001429.2	30715	31316	0
CP001429.2	31316	31326	1
CP001429.2	31326	31387	2
CP001429.2	31387	31427	1
CP001429.2	31427	31627	0
CP001429.2	31627	31725	1
CP001429.2	31725	34104	0
CP001429.2	34104	34261	1
CP001429.2	34261	36163	0
CP001429.2	36163	36232	1
CP001429.2	36232	36738	0
CP001429.2	36738	36830	1
CP001429.2	36830	36867	0
CP001429.2	36867	36918	1
CP001429.2	36918	36935	2
CP001429.2	36935	36989	1
CP001429.2	36989	37250	0
CP001429.2	37250	37296	1
CP001429.2	37296	37298	0
CP001429.2	37298	37309	1
CP001429.2	37309	37925	0
CP001429.2	37925	37980	1
CP001429.2	37980	37992	0
CP001429.2	37992	38059	1
CP001429.2	38059	38383	0
CP001429.2	38383	38451	1
CP001429.2	38451	38481	0
CP001429.2	38481	38533	1
CP001429.2	38533	40012	0
CP001429.2	40012	40083	1
CP001429.2	40083	43021	0
CP001429.2	43021	43077	1
CP001429.2	43077	43079	0
CP001429.2	43079	43095	1
CP001429.2	43095	43187	0
CP001429.2	43187	43243	1
CP001429.2	43243	43705	0
CP001429.2	43705	43764	1
CP001429.2	43764	43984	0
CP001429.2	43984	44046	1
CP001429.2	44046	44050	0
CP001429.2	44050	44191	1
CP001429.2	44191	44526	0
CP001429.2	44526	44560	1
CP001429.2	44560	44561	0
CP001429.2	44561	44601	1
CP001429.2	44601	44875	0
CP001429.2	44875	44934	1
CP001429.2	44934	44935	0
CP001429.2	44935	45099	1
CP001429.2	45099	45955	0
CP001429.2	45955	46051	1
CP001429.2	46051	47421	0
CP001429.2	47421	47507	1
CP001429.2	47507	47508	0
CP001429.2	47508	47537	1
CP001429.2	47537	47852	0
CP001429.2	47852	47957	1
CP001429.2	47957	48183	0
CP001429.2	48183	48228	1
CP001429.2	48228	48375	0
CP001429.2	48375	48497	1
CP001429.2	48497	48960	0
CP001429.2	48960	49045	1
CP001429.2	49045	49046	0
CP001429.2	49046	49091	1
CP001429.2	49091	49255	0
CP001429.2	49255	49279	1
CP001429.2	49279	49280	0
CP001429.2	49280	49323	1
CP001429.2	49323	50024	0
CP001429.2	50024	50066	1
CP001429.2	50066	50091	2
CP001429.2	50091	50139	3
CP001429.2	50139	50192	2
CP001429.2	50192	50261	1
CP001429.2	50261	51327	0
CP001429.2	51327	51469	1
CP001429.2	51469	51478	0
CP001429.2	51478	51482	1
CP001429.2	51482	51486	0
CP001429.2	51486	51495	1
CP001429.2	51495	51497	0
CP001429.2	51497	51518	1
CP001429.2	51518	51519	0
CP001429.2	51519	51538	1
CP001429.2	51538	51539	0
CP001429.2	51539	51591	1
CP001429.2	51591	51828	0
CP001429.2	51828	51885	1
CP001429.2	51885	52305	0
CP001429.2	52305	52569	1
CP001429.2	52569	53985	0
CP001429.2	53985	54048	1
CP001429.2	54048	56273	0
CP001429.2	56273	56332	1
CP001429.2	56332	56385	0
CP001429.2	56385	56502	1
CP001429.2	56502	57874	0
CP001429.2	57874	57981	1
CP001429.2	57981	61092	0
CP001429.2	61092	61152	1
CP001429.2	61152	61155	0
CP001429.2	61155	61218	1
CP001429.2	61218	62447	0
CP001429.2	62447	62494	1
CP001429.2	62494	62868	0
CP001429.2	62868	62922	1
CP001429.2	62922	63448	0
CP001429.2	63448	63485	1
CP001429.2	63485	63486	0
CP001429.2	63486	63537	1
CP001429.2	63537	65195	0
CP001429.2	65195	65210	2
CP001429.2	65210	65211	0
CP001429.2	65211	65303	2
CP001429.2	65303	65991	0
CP001429.2	65991	66076	1
CP001429.2	66076	66887	0
CP001429.2	66887	66949	1
CP001429.2	66949	66974	2
CP001429.2	66974	67072	1
CP001429.2	67072	68155	0
CP001429.2	68155	68218	1
CP001429.2	68218	69984	0
CP001429.2	69984	69992	1
CP001429.2	69992	69993	0
CP001429.2	69993	70041	1
CP001429.2	70041	70500	0
CP001429.2	70500	70565	1
CP001429.2	70565	70974	0
CP001429.2	70974	71083	1
CP001429.2	71083	72187	0
CP001429.2	72187	72266	1
CP001429.2	72266	72895	0
CP001429.2	72895	73016	1
CP001429.2	73016	73017	0
CP001429.2	73017	73090	1
CP001429.2	73090	73091	0
CP001429.2	73091	73167	1
CP001429.2	73167	73169	2
CP001429.2	73169	73237	1
CP001429.2	73237	73312	0
CP001429.2	73312	73338	1
CP001429.2	73338	73339	0
CP001429.2	73339	73420	1
CP001429.2	73420	74935	0
CP001429.2	74935	75041	1
CP001429.2	75041	75486	0
CP001429.2	75486	75642	1
CP001429.2	75642	75644	0
CP001429.2	75644	75693	1
CP001429.2	75693	77386	0
CP001429.2	77386	77458	1
CP001429.2	77458	77912	0
CP001429.2	77912	77979	1
CP001429.2	77979	78263	0
CP001429.2	78263	78272	1
CP001429.2	78272	78273	0
CP001429.2	78273	78332	1
CP001429.2	78332	79694	0
CP001429.2	79694	79824	1
CP001429.2	79824	80062	0
CP001429.2	80062	80156	1
CP001429.2	80156	80157	0
CP001429.2	80157	80223	1
CP001429.2	80223	80741	0
CP001429.2	80741	80775	1
CP001429.2	80775	80776	0
CP001429.2	80776	80813	1
CP001429.2	80813	81220	0
CP001429.2	81220	81278	1
CP001429.2	81278	81316	0
CP001429.2	81316	81525	1
CP001429.2	81525	81575	0
CP001429.2	81575	81629	1
CP001429.2	81629	81647	0
CP001429.2	81647	81870	1
CP001429.2	81870	82229	0
CP001429.2	82229	82243	1
CP001429.2	82243	82245	0
CP001429.2	82245	82325	1
CP001429.2	82325	82650	0
CP001429.2	82650	82654	1
CP001429.2	82654	82655	0
CP001429.2	82655	82732	1
CP001429.2	82732	83021	0
CP001429.2	83021	83138	1
CP001429.2	83138	83582	0
CP001429.2	83582	83616	1
CP001429.2	83616	83621	0
CP001429.2	83621	83632	1
CP001429.2	83632	83633	0
CP001429.2	83633	83643	1
CP001429.2	83643	83817	0
CP001429.2	83817	83851	1
CP001429.2	83851	83852	0
CP001429.2	83852	83889	1
CP001429.2	83889	84197	0
CP001429.2	84197	84246	1
CP001429.2	84246	84446	0
CP001429.2	84446	84460	1
CP001429.2	84460	84461	0
CP001429.2	84461	84497	1
CP001429.2	84497	84498	0
CP001429.2	84498	84514	1
CP001429.2	84514	84654	0
CP001429.2	84654	84737	1
CP001429.2	84737	84981	0
CP001429.2	84981	85108	1
CP001429.2	85108	85119	2
CP001429.2	85119	85215	1
CP001429.2	85215	85815	0
CP001429.2	85815	85887	1
CP001429.2	85887	86859	0
CP001429.2	86859	86897	1
CP001429.2	86897	86899	2
CP001429.2	86899	86960	1
CP001429.2	86960	88426	0
CP001429.2	88426	88525	1
CP001429.2	88525	88526	0
CP001429.2	88526	88612	1
CP001429.2	88612	89278	0
CP001429.2	89278	89339	1
CP001429.2	89339	89340	0
CP001429.2	89340	89350	1
CP001429.2	89350	91511	0
CP001429.2	91511	91556	1
CP001429.2	91556	91564	0
CP001429.2	91564	91574	1
CP001429.2	91574	91575	0
CP001429.2	91575	91699	1
CP001429.2	91699	91879	0
CP001429.2	91879	91934	1
CP001429.2	91934	92683	0
CP001429.2	92683	92761	1
CP001429.2	92761	92786	0
CP001429.2	92786	92847	1
CP001429.2	92847	93949	0
CP001429.2	93949	93982	1
CP001429.2	93982	93983	0
CP001429.2	93983	94017	1
CP001429.2	94017	94792	0
CP001429.2	94792	94986	1
CP001429.2	94986	96030	0
CP001429.2	96030	96052	1
CP001429.2	96052	96054	0
CP001429.2	96054	96094	1
CP001429.2	96094	96103	0
CP001429.2	96103	96119	1
CP001429.2	96119	96123	0
CP001429.2	96123	96156	1
CP001429.2	96156	96175	2
CP001429.2	96175	96713	1
CP001429.2	96713	96732	0
CP001429.2	96732	96845	1
CP001429.2	96845	96846	0
CP001429.2	96846	96900	1
CP001429.2	96900	98496	0
CP001429.2	98496	99895	1
CP001429.2	99895	99907	2
CP001429.2	99907	99932	1
CP001429.2	99932	99933	0
CP001429.2	99933	100053	1
CP001429.2	100053	100057	0
CP001429.2	100057	100093	1
CP001429.2	100093	100716	0
CP001429.2	100716	100798	1
CP001429.2	100798	103925	0
CP001429.2	103925	103980	1
CP001429.2	103980	104943	0
CP001429.2	104943	104979	1
CP001429.2	104979	105645	0
CP001429.2	105645	105735	1
CP001429.2	105735	105906	0
CP001429.2	105906	106024	1
CP001429.2	106024	106025	0
CP001429.2	106025	106079	1
CP001429.2	106079	106429	0
CP001429.2	106429	106463	1
CP001429.2	106463	106464	0
CP001429.2	106464	106480	1
CP001429.2	106480	106483	0
CP001429.2	106483	106591	1
CP001429.2	106591	107387	0
CP001429.2	107387	107467	1
CP001429.2	107467	108075	0
CP001429.2	108075	108233	1
CP001429.2	108233	110311	0
CP001429.2	110311	111160	1
CP001429.2	111160	111265	0
CP001429.2	111265	111319	1
CP001429.2	111319	111321	0
CP001429.2	111321	111350	1
CP001429.2	111350	111893	0
CP001429.2	111893	111966	1
CP001429.2	111966	112473	0
CP001429.2	112473	112545	1
CP001429.2	112545	112549	0
CP001429.2	112549	112791	1
CP001429.2	112791	114206	0
CP001429.2	114206	114246	1
CP001429.2	114246	115210	0
CP001429.2	115210	115285	1
CP001429.2	115285	115666	0
CP001429.2	115666	115698	1
CP001429.2	115698	115699	0
CP001429.2	115699	115740	1
CP001429.2	115740	116138	0
CP001429.2	116138	116213	1
CP001429.2	116213	116754	0
CP001429.2	116754	116770	1
CP001429.2	116770	116772	0
CP001429.2	116772	116787	1
CP001429.2	116787	116824	2
CP001429.2	116824	116899	1
CP001429.2	116899	118223	0
CP001429.2	118223	118280	1
CP001429.2	118280	118368	0
CP001429.2	118368	118435	1
CP001429.2	118435	118781	0
CP001429.2	118781	118851	1
CP001429.2	118851	119351	0
CP001429.2	119351	119362	1
CP001429.2	119362	119364	0
CP001429.2	119364	119408	1
CP001429.2	119408	119475	2
CP001429.2	119475	119476	1
CP001429.2	119476	119593	2
CP001429.2	119593	119664	1
CP001429.2	119664	121130	0
CP001429.2	121130	121209	1
CP001429.2	121209	122933	0
CP001429.2	122933	123007	1
CP001429.2	123007	123067	0
CP001429.2	123067	123140	1
CP001429.2	123140	124033	0
CP001429.2	124033	124132	1
CP001429.2	124132	124691	0
CP001429.2	124691	124795	1
CP001429.2	124795	125438	0
CP001429.2	125438	125540	1
CP001429.2	125540	126495	0
CP001429.2	126495	126549	1
CP001429.2	126549	126825	0
CP001429.2	126825	126879	1
CP001429.2	126879	127191	0
CP001429.2	127191	127251	1
CP001429.2	127251	127286	0
CP001429.2	127286	127480	1
CP001429.2	127480	127687	0
CP001429.2	127687	127764	1
CP001429.2	127764	128640	0
CP001429.2	128640	128860	1
CP001429.2	128860	128916	0
CP001429.2	128916	128956	1
CP001429.2	128956	128957	0
CP001429.2	128957	128975	1
CP001429.2	128975	130280	0
CP001429.2	130280	130330	1
CP001429.2	130330	131603	0
CP001429.2	131603	132023	1
CP001429.2	132023	132225	2
CP001429.2	132225	132463	1
CP001429.2	132463	132838	0
CP001429.2	132838	132902	1
CP001429.2	132902	133225	0
CP001429.2	133225	133346	1
CP001429.2	133346	134222	0
CP001429.2	134222	134385	1
CP001429.2	134385	135206	0
CP001429.2	135206	135292	1
CP001429.2	135292	135433	0
CP001429.2	135433	135482	1
CP001429.2	135482	137375	0
CP001429.2	137375	137445	1
CP001429.2	137445	137448	0
CP001429.2	137448	137467	1
CP001429.2	137467	138169	0
CP001429.2	138169	138250	1
CP001429.2	138250	138861	0
CP001429.2	138861	139246	1
CP001429.2	139246	140223	0
CP001429.2	140223	140238	1
CP001429.2	140238	140242	0
CP001429.2	140242	140309	1
CP001429.2	140309	140609	0
CP001429.2	140609	140691	1
CP001429.2	140691	141248	0
CP001429.2	141248	141313	1
CP001429.2	141313	141786	0
CP001429.2	141786	141925	1
CP001429.2	141925	141926	0
CP001429.2	141926	141946	1
CP001429.2	141946	141948	0
CP001429.2	141948	141988	1
CP001429.2	141988	143196	0
CP001429.2	143196	143217	1
CP001429.2	143217	143218	0
CP001429.2	143218	143243	1
CP001429.2	143243	143268	2
CP001429.2	143268	143272	1
CP001429.2	143272	143273	0
CP001429.2	143273	143312	1
CP001429.2	143312	144070	0
CP001429.2	144070	144132	1
CP001429.2	144132	144672	0
CP001429.2	144672	145133	1
CP001429.2	145133	145135	0
CP001429.2	145135	145177	1
CP001429.2	145177	145179	0
CP001429.2	145179	145206	1
CP001429.2	145206	147003	0
CP001429.2	147003	147059	1
CP001429.2	147059	147097	0
CP001429.2	147097	147258	1
CP001429.2	147258	148415	0
CP001429.2	148415	148462	1
CP001429.2	148462	148465	0
CP001429.2	148465	148495	1
CP001429.2	148495	150422	0
CP001429.2	150422	150526	1
CP001429.2	150526	150527	0
CP001429.2	150527	150569	1
CP001429.2	150569	151425	0
CP001429.2	151425	151519	1
CP001429.2	151519	151891	0
CP001429.2	151891	151934	1
CP001429.2	151934	151935	0
CP001429.2	151935	151979	1
CP001429.2	151979	152767	0
CP001429.2	152767	152830	1
CP001429.2	152830	152960	0
CP001429.2	152960	153058	1
CP001429.2	153058	153316	0
CP001429.2	153316	153419	1
CP001429.2	153419	153423	0
CP001429.2	153423	153470	1
CP001429.2	153470	153591	0
CP001429.2	153591	153681	1
CP001429.2	153681	154737	0
CP001429.2	154737	154795	1
CP001429.2	154795	154796	0
CP001429.2	154796	154812	1
CP001429.2	154812	155210	0
CP001429.2	155210	155460	1
CP001429.2	155460	155463	0
CP001429.2	155463	155481	1
CP001429.2	155481	157504	0
CP001429.2	157504	157535	1
CP001429.2	157535	157706	0
CP001429.2	157706	157768	1
CP001429.2	157768	157770	0
CP001429.2	157770	157856	1
CP001429.2	157856	158833	0
CP001429.2	158833	158862	1
CP001429.2	158862	158868	0
CP001429.2	158868	158913	1
CP001429.2	158913	158917	0
CP001429.2	158917	158941	1
CP001429.2	158941	159636	0
CP001429.2	159636	159726	1
CP001429.2	159726	159899	0
CP001429.2	159899	159959	1
CP001429.2	159959	160996	0
CP001429.2	160996	160999	1
CP001429.2	160999	161000	0
CP001429.2	161000	161066	1
CP001429.2	161066	163548	0
CP001429.2	163548	163613	1
CP001429.2	163613	163692	0
CP001429.2	163692	163737	1
CP001429.2	163737	164126	0
CP001429.2	164126	164176	1
CP001429.2	164176	165953	0
CP001429.2	165953	166048	1
CP001429.2	166048	166228	0
CP001429.2	166228	166391	1
CP001429.2	166391	167370	0
CP001429.2	167370	167819	1
CP001429.2	167819	168464	0
CP001429.2	168464	168602	1
CP001429.2	168602	169035	0
CP001429.2	169035	169041	1
CP001429.2	169041	169042	0
CP001429.2	169042	169104	1
CP001429.2	169104	169147	0
CP001429.2	169147	169158	1
CP001429.2	169158	169161	0
CP001429.2	169161	169373	1
CP001429.2	169373	170584	0
CP001429.2	170584	170783	1
CP001429.2	170783	170784	0
CP001429.2	170784	170802	1
CP001429.2	170802	170903	0
CP001429.2	170903	170967	1
CP001429.2	170967	174094	0
CP001429.2	174094	174156	1
CP001429.2	174156	174322	0
CP001429.2	174322	174450	1
CP001429.2	174450	175368	0
CP001429.2	175368	175441	1
CP001429.2	175441	177723	0
CP001429.2	177723	177780	1
CP001429.2	177780	177996	0
CP001429.2	177996	178099	1
CP001429.2	178099	178175	2
CP001429.2	178175	178316	1
CP001429.2	178316	179599	0
CP001429.2	179599	179635	1
CP001429.2	179635	179641	0
CP001429.2	179641	179653	1
CP001429.2	179653	179666	2
CP001429.2	179666	179786	1
CP001429.2	179786	179790	0
CP001429.2	179790	179814	1
CP001429.2	179814	183962	0
CP001429.2	183962	184176	1
CP001429.2	184176	188526	0
CP001429.2	188526	188624	1
CP001429.2	188624	188695	0
CP001429.2	188695	188777	1
CP001429.2	188777	188806	0
CP001429.2	188806	188865	1
CP001429.2	188865	189536	0
CP001429.2	189536	189608	1
CP001429.2	189608	189777	0
CP001429.2	189777	189791	1
CP001429.2	189791	189792	0
CP001429.2	189792	189844	1
CP001429.2	189844	189846	0
CP001429.2	189846	189999	1
CP001429.2	189999	190053	2
CP001429.2	190053	190067	1
CP001429.2	190067	190119	0
CP001429.2	190119	190174	1
CP001429.2	190174	190221	2
CP001429.2	190221	190235	1
CP001429.2	190235	190983	0
CP001429.2	190983	191048	1
CP001429.2	191048	191447	0
CP001429.2	191447	191581	1
CP001429.2	191581	192032	0
CP001429.2	192032	192100	1
CP001429.2	192100	194834	0
CP001429.2	194834	194898	1
CP001429.2	194898	195233	0
CP001429.2	195233	195294	1
CP001429.2	195294	195299	0
CP001429.2	195299	195398	1
CP001429.2	195398	195401	0
CP001429.2	195401	195412	1
CP001429.2	195412	196708	0
CP001429.2	196708	196995	1
CP001429.2	196995	197005	0
CP001429.2	197005	197090	1
CP001429.2	197090	197356	0
CP001429.2	197356	197487	1
CP001429.2	197487	198382	0
CP001429.2	198382	198425	1
CP001429.2	198425	198427	0
CP001429.2	198427	198461	1
CP001429.2	198461	201262	0
CP001429.2	201262	201310	1
CP001429.2	201310	201978	0
CP001429.2	201978	202031	1
CP001429.2	202031	203280	0
CP001429.2	203280	203423	1
CP001429.2	203423	203424	0
CP001429.2	203424	203588	1
CP001429.2	203588	204585	0
CP001429.2	204585	204604	1
CP001429.2	204604	204608	0
CP001429.2	204608	204707	1
CP001429.2	204707	205336	0
CP001429.2	205336	205383	1
CP001429.2	205383	205483	2
CP001429.2	205483	205484	1
CP001429.2	205484	205500	2
CP001429.2	205500	205759	1
CP001429.2	205759	206098	0
CP001429.2	206098	206191	1
CP001429.2	206191	206489	0
CP001429.2	206489	206593	1
CP001429.2	206593	207762	0
CP001429.2	207762	207816	1
CP001429.2	207816	208090	0
CP001429.2	208090	208239	1
CP001429.2	208239	208376	0
CP001429.2	208376	208441	1
CP001429.2	208441	208442	0
CP001429.2	208442	208456	1
CP001429.2	208456	209466	0
CP001429.2	209466	209527	1
CP001429.2	209527	211833	0
CP001429.2	211833	211903	1
CP001429.2	211903	212591	0
CP001429.2	212591	212623	1
CP001429.2	212623	212625	0
CP001429.2	212625	212700	1
CP001429.2	212700	212750	2
CP001429.2	212750	212769	1
CP001429.2	212769	213011	0
CP001429.2	213011	213101	1
CP001429.2	213101	213109	0
CP001429.2	213109	213226	1
CP001429.2	213226	213622	0
CP001429.2	213622	213649	1
CP001429.2	213649	213676	2
CP001429.2	213676	213785	1
CP001429.2	213785	214275	0
CP001429.2	214275	214327	1
CP001429.2	214327	214352	0
CP001429.2	214352	214436	1
CP001429.2	214436	214761	0
CP001429.2	214761	215375	1
CP001429.2	215375	216962	0
CP001429.2	216962	217028	1
CP001429.2	217028	217151	0
CP001429.2	217151	217187	1
CP001429.2	217187	217345	0
CP001429.2	217345	217447	1
CP001429.2	217447	217448	0
CP001429.2	217448	217544	1
CP001429.2	217544	218426	0
CP001429.2	218426	218539	1
CP001429.2	218539	218553	0
CP001429.2	218553	218593	1
CP001429.2	218593	218595	0
CP001429.2	218595	218788	1
CP001429.2	218788	223418	0
CP001429.2	223418	223481	1
CP001429.2	223481	223691	0
CP001429.2	223691	223800	1
CP001429.2	223800	223990	0
CP001429.2	223990	224040	1
CP001429.2	224040	224697	0
CP001429.2	224697	224753	1
CP001429.2	224753	224881	0
CP001429.2	224881	225035	1
CP001429.2	225035	225036	0
CP001429.2	225036	225195	1
CP001429.2	225195	225718	0
CP001429.2	225718	225751	1
CP001429.2	225751	225752	0
CP001429.2	225752	226013	1
CP001429.2	226013	227712	0
CP001429.2	227712	227797	1
CP001429.2	227797	228976	0
CP001429.2	228976	229039	1
CP001429.2	229039	229294	0
CP001429.2	229294	229374	1
CP001429.2	229374	229423	0
CP001429.2	229423	229508	1
CP001429.2	229508	229847	0
CP001429.2	229847	229936	1
CP001429.2	229936	230931	0
CP001429.2	230931	230971	1
CP001429.2	230971	231341	0
CP001429.2	231341	231399	1
CP001429.2	231399	231404	0
CP001429.2	231404	231473	1
CP001429.2	231473	231806	0
CP001429.2	231806	231867	2
CP001429.2	231867	232400	0
CP001429.2	232400	232453	1
CP001429.2	232453	233419	0
CP001429.2	233419	233506	1
CP001429.2	233506	233512	0
CP001429.2	233512	233557	1
CP001429.2	233557	233838	0
CP001429.2	233838	233907	1
CP001429.2	233907	235807	0
CP001429.2	235807	235885	1
CP001429.2	235885	235889	0
CP001429.2	235889	235933	1
CP001429.2	235933	235976	2
CP001429.2	235976	235994	1
CP001429.2	235994	236147	0
CP001429.2	236147	236210	1
CP001429.2	236210	237755	0
CP001429.2	237755	237810	1
CP001429.2	237810	237887	0
CP001429.2	237887	237966	1
CP001429.2	237966	238049	0
CP001429.2	238049	238102	1
CP001429.2	238102	239616	0
CP001429.2	239616	239692	1
CP001429.2	239692	240024	0
CP001429.2	240024	240200	1
CP001429.2	240200	241040	0
CP001429.2	241040	241306	1
CP001429.2	241306	241308	0
CP001429.2	241308	241377	1
CP001429.2	241377	242415	0
CP001429.2	242415	242487	1
CP001429.2	242487	245239	0
CP001429.2	245239	245247	1
CP001429.2	245247	245248	0
CP001429.2	245248	245385	1
CP001429.2	245385	246670	0
CP001429.2	246670	246731	1
CP001429.2	246731	246991	0
CP001429.2	246991	247143	1
CP001429.2	247143	249180	0
CP001429.2	249180	249231	1
CP001429.2	249231	249899	0
CP001429.2	249899	249977	1
CP001429.2	249977	250011	0
CP001429.2	250011	250069	1
CP001429.2	250069	250076	0
CP001429.2	250076	250090	1
CP001429.2	250090	250091	0
CP001429.2	250091	250130	1
CP001429.2	250130	250134	0
CP001429.2	250134	250180	1
CP001429.2	250180	250188	0
CP001429.2	250188	250244	1
CP001429.2	250244	251217	0
CP001429.2	251217	251288	1
CP001429.2	251288	251477	0
CP001429.2	251477	251649	1
CP001429.2	251649	251989	0
CP001429.2	251989	252131	1
CP001429.2	252131	252188	0
CP001429.2	252188	252243	1
CP001429.2	252243	252515	0
CP001429.2	252515	252572	1
CP001429.2	252572	252712	0
CP001429.2	252712	252809	1
CP001429.2	252809	253724	0
CP001429.2	253724	253780	1
CP001429.2	253780	254289	0
CP001429.2	254289	254344	1
CP001429.2	254344	255587	0
CP001429.2	255587	255655	1
CP001429.2	255655	255656	0
CP001429.2	255656	255708	1
CP001429.2	255708	256126	0
CP001429.2	256126	256147	1
CP001429.2	256147	256148	0
CP001429.2	256148	256229	1
CP001429.2	256229	256654	0
CP001429.2	256654	256806	1
CP001429.2	256806	257768	0
CP001429.2	257768	257821	1
CP001429.2	257821	258201	0
CP001429.2	258201	258267	1
CP001429.2	258267	259237	0
CP001429.2	259237	259292	1
CP001429.2	259292	260043	0
CP001429.2	260043	260113	1
CP001429.2	260113	260321	0
CP001429.2	260321	260391	1
CP001429.2	260391	260629	0
CP001429.2	260629	260731	1
CP001429.2	260731	261445	0
CP001429.2	261445	261537	1
CP001429.2	261537	262064	0
CP001429.2	262064	262203	1
CP001429.2	262203	264622	0
CP001429.2	264622	264682	1
CP001429.2	264682	265314	0
CP001429.2	265314	265338	1
CP001429.2	265338	265339	0
CP001429.2	265339	265354	1
CP001429.2	265354	265358	0
CP001429.2	265358	265413	1
CP001429.2	265413	265581	0
CP001429.2	265581	265727	1
CP001429.2	265727	266326	0
CP001429.2	266326	266361	1
CP001429.2	266361	267838	0
CP001429.2	267838	268019	1
CP001429.2	268019	268468	0
CP001429.2	268468	268527	1
CP001429.2	268527	268825	0
CP001429.2	268825	268860	1
CP001429.2	268860	268956	0
CP001429.2	268956	269017	1
CP001429.2	269017	269156	0
CP001429.2	269156	269226	1
CP001429.2	269226	272715	0
CP001429.2	272715	272796	1
CP001429.2	272796	276683	0
CP001429.2	276683	276867	1
CP001429.2	276867	276969	0
CP001429.2	276969	277037	1
CP001429.2	277037	277888	0
CP001429.2	277888	277997	1
CP001429.2	277997	278097	0
CP001429.2	278097	278150	1
CP001429.2	278150	278331	0
CP001429.2	278331	278406	1
CP001429.2	278406	278602	0
CP001429.2	278602	278753	1
CP001429.2	278753	280136	0
CP001429.2	280136	280200	1
CP001429.2	280200	280610	0
CP001429.2	280610	280721	1
CP001429.2	280721	282179	0
CP001429.2	282179	282261	1
CP001429.2	282261	282278	0
CP001429.2	282278	282449	1
CP001429.2	282449	282814	0
CP001429.2	282814	282884	1
CP001429.2	282884	284248	0
CP001429.2	284248	284291	1
CP001429.2	284291	284864	0
CP001429.2	284864	285119	1
CP001429.2	285119	287762	0
CP001429.2	287762	287789	1
CP001429.2	287789	287790	0
CP001429.2	287790	287830	1
CP001429.2	287830	289161	0
CP001429.2	289161	289223	1
CP001429.2	289223	289316	0
CP001429.2	289316	289377	1
CP001429.2	289377	290456	0
CP001429.2	290456	290527	1
CP001429.2	290527	290542	0
CP001429.2	290542	290610	1
CP001429.2	290610	290625	0
CP001429.2	290625	290696	1
CP001429.2	290696	291257	0
CP001429.2	291257	291307	2
CP001429.2	291307	291309	1
CP001429.2	291309	291495	0
CP001429.2	291495	291545	1
CP001429.2	291545	291624	0
CP001429.2	291624	291631	1
CP001429.2	291631	291697	2
CP001429.2	291697	291778	1
CP001429.2	291778	292244	0
CP001429.2	292244	292309	1
CP001429.2	292309	293945	0
CP001429.2	293945	294000	1
CP001429.2	294000	294072	0
CP001429.2	294072	294073	1
CP001429.2	294073	294123	2
CP001429.2	294123	294124	1
CP001429.2	294124	294153	2
CP001429.2	294153	294162	1
CP001429.2	294162	294325	0
CP001429.2	294325	294406	1
CP001429.2	294406	294407	0
CP001429.2	294407	294434	1
CP001429.2	294434	294779	0
CP001429.2	294779	294814	1
CP001429.2	294814	295159	0
CP001429.2	295159	295189	1
CP001429.2	295189	295190	0
CP001429.2	295190	295252	1
CP001429.2	295252	295393	0
CP001429.2	295393	295463	1
CP001429.2	295463	295507	0
CP001429.2	295507	295575	1
CP001429.2	295575	296562	0
CP001429.2	296562	296645	1
CP001429.2	296645	297109	0
CP001429.2	297109	297169	1
CP001429.2	297169	300730	0
CP001429.2	300730	300884	1
CP001429.2	300884	300954	0
CP001429.2	300954	301036	1
CP001429.2	301036	301268	0
CP001429.2	301268	301332	1
CP001429.2	301332	302010	0
CP001429.2	302010	302063	1
CP001429.2	302063	302710	0
CP001429.2	302710	302884	1
CP001429.2	302884	302959	0
CP001429.2	302959	302974	1
CP001429.2	302974	302982	0
CP001429.2	302982	303049	1
CP001429.2	303049	304071	0
CP001429.2	304071	304112	1
CP001429.2	304112	304240	2
CP001429.2	304240	304722	1
CP001429.2	304722	304778	2
CP001429.2	304778	306054	1
CP001429.2	306054	309326	0
CP001429.2	309326	309506	1
CP001429.2	309506	309537	0
CP001429.2	309537	309614	1
CP001429.2	309614	311599	0
CP001429.2	311599	311615	1
CP001429.2	311615	311616	0
CP001429.2	311616	311652	1
CP001429.2	311652	312559	0
CP001429.2	312559	312590	1
CP001429.2	312590	312591	0
CP001429.2	312591	312610	1
CP001429.2	312610	312940	0
CP001429.2	312940	313024	1
CP001429.2	313024	313082	0
CP001429.2	313082	313164	1
CP001429.2	313164	314457	0
CP001429.2	314457	314528	1
CP001429.2	314528	315575	0
CP001429.2	315575	315668	1
CP001429.2	315668	315818	0
CP001429.2	315818	315896	1
CP001429.2	315896	316400	0
CP001429.2	316400	316449	1
CP001429.2	316449	316450	0
CP001429.2	316450	316460	1
CP001429.2	316460	316718	0
CP001429.2	316718	316801	1
CP001429.2	316801	316859	0
CP001429.2	316859	316950	1
CP001429.2	316950	318262	0
CP001429.2	318262	318300	1
CP001429.2	318300	318550	0
CP001429.2	318550	318594	1
CP001429.2	318594	318595	0
CP001429.2	318595	318662	2
CP001429.2	318662	318671	1
CP001429.2	318671	319369	0
CP001429.2	319369	319414	1
CP001429.2	319414	319415	0
CP001429.2	319415	319428	1
CP001429.2	319428	319429	0
CP001429.2	319429	319497	1
CP001429.2	319497	319724	0
CP001429.2	319724	319791	1
CP001429.2	319791	319817	0
CP001429.2	319817	319883	1
CP001429.2	319883	320282	0
CP001429.2	320282	320315	1
CP001429.2	320315	320316	0
CP001429.2	320316	320322	1
CP001429.2	320322	320323	0
CP001429.2	320323	320379	1
CP001429.2	320379	320380	0
CP001429.2	320380	320566	1
CP001429.2	320566	320567	0
CP001429.2	320567	320581	1
CP001429.2	320581	321360	0
CP001429.2	321360	321426	1
CP001429.2	321426	322469	0
CP001429.2	322469	322637	1
CP001429.2	322637	322696	0
CP001429.2	322696	322769	1
CP001429.2	322769	323042	0
CP001429.2	323042	323087	1
CP001429.2	323087	323090	0
CP001429.2	323090	323149	1
CP001429.2	323149	323470	0
CP001429.2	323470	323489	1
CP001429.2	323489	323491	0
CP001429.2	323491	323534	1
CP001429.2	323534	323810	0
CP001429.2	323810	323877	1
CP001429.2	323877	324297	0
CP001429.2	324297	324320	1
CP001429.2	324320	324377	2
CP001429.2	324377	324406	1
CP001429.2	324406	324407	0
CP001429.2	324407	324469	1
CP001429.2	324469	327086	0
CP001429.2	327086	327143	1
CP001429.2	327143	329499	0
CP001429.2	329499	329640	1
CP001429.2	329640	330102	0
CP001429.2	330102	330119	1
CP001429.2	330119	330120	0
CP001429.2	330120	330127	1
CP001429.2	330127	330240	2
CP001429.2	330240	330249	1
CP001429.2	330249	330505	0
CP001429.2	330505	330512	1
CP001429.2	330512	330513	0
CP001429.2	330513	330586	1
CP001429.2	330586	331156	0
CP001429.2	331156	331210	1
CP001429.2	331210	331890	0
CP001429.2	331890	331967	1
CP001429.2	331967	333474	0
CP001429.2	333474	333547	1
CP001429.2	333547	334084	0
CP001429.2	334084	334173	1
CP001429.2	334173	334704	0
CP001429.2	334704	334788	1
CP001429.2	334788	334795	0
CP001429.2	334795	334844	1
CP001429.2	334844	336439	0
CP001429.2	336439	336449	1
CP001429.2	336449	336450	0
CP001429.2	336450	336509	1
CP001429.2	336509	336520	0
CP001429.2	336520	336549	1
CP001429.2	336549	336779	0
CP001429.2	336779	337005	1
CP001429.2	337005	337008	0
CP001429.2	337008	337023	1
CP001429.2	337023	337024	0
CP001429.2	337024	337108	1
CP001429.2	337108	337614	0
CP001429.2	337614	337645	1
CP001429.2	337645	337647	0
CP001429.2	337647	337673	1
CP001429.2	337673	337685	0
CP001429.2	337685	337713	1
CP001429.2	337713	337714	0
CP001429.2	337714	337737	1
CP001429.2	337737	337738	0
CP001429.2	337738	337759	1
CP001429.2	337759	339176	0
CP001429.2	339176	339248	1
CP001429.2	339248	339539	0
CP001429.2	339539	339584	1
CP001429.2	339584	339874	0
CP001429.2	339874	339959	1
CP001429.2	339959	339960	0
CP001429.2	339960	339976	1
CP001429.2	339976	340119	0
CP001429.2	340119	340188	1
CP001429.2	340188	340261	0
CP001429.2	340261	340374	1
CP001429.2	340374	340375	0
CP001429.2	340375	340388	1
CP001429.2	340388	341067	0
CP001429.2	341067	341125	1
CP001429.2	341125	341451	0
CP001429.2	341451	341525	1
CP001429.2	341525	341586	0
CP001429.2	341586	341721	1
CP001429.2	341721	341736	2
CP001429.2	341736	341878	1
CP001429.2	341878	342381	0
CP001429.2	342381	342477	1
CP001429.2	342477	343503	0
CP001429.2	343503	343598	1
CP001429.2	343598	345012	0
CP001429.2	345012	345213	1
CP001429.2	345213	345720	0
CP001429.2	345720	345763	1
CP001429.2	345763	345766	0
CP001429.2	345766	345792	1
CP001429.2	345792	346296	0
CP001429.2	346296	346350	1
CP001429.2	346350	346577	0
CP001429.2	346577	346633	1
CP001429.2	346633	346900	0
CP001429.2	346900	346927	1
CP001429.2	346927	346928	0
CP001429.2	346928	346988	1
CP001429.2	346988	348523	0
CP001429.2	348523	348620	1
CP001429.2	348620	349354	0
CP001429.2	349354	349394	1
CP001429.2	349394	349396	0
CP001429.2	349396	349430	1
CP001429.2	349430	351109	0
CP001429.2	351109	351152	1
CP001429.2	351152	351153	0
CP001429.2	351153	351201	1
CP001429.2	351201	351218	2
CP001429.2	351218	351302	1
CP001429.2	351302	351673	0
CP001429.2	351673	351689	1
CP001429.2	351689	351725	2
CP001429.2	351725	351813	1
CP001429.2	351813	354027	0
CP001429.2	354027	354144	1
CP001429.2	354144	354735	0
CP001429.2	354735	354814	1
CP001429.2	354814	354816	0
CP001429.2	354816	354871	1
CP001429.2	354871	354993	0
CP001429.2	354993	355280	1
CP001429.2	355280	355281	0
CP001429.2	355281	355313	1
CP001429.2	355313	356478	0
CP001429.2	356478	356540	1
CP001429.2	356540	357365	0
CP001429.2	357365	357515	1
CP001429.2	357515	357559	0
CP001429.2	357559	357572	1
CP001429.2	357572	357573	0
CP001429.2	357573	357663	1
CP001429.2	357663	358466	0
CP001429.2	358466	358472	1
CP001429.2	358472	358524	2
CP001429.2	358524	358528	1
CP001429.2	358528	358537	2
CP001429.2	358537	358596	1
CP001429.2	358596	359187	0
CP001429.2	359187	359240	1
CP001429.2	359240	359249	0
CP001429.2	359249	359312	1
CP001429.2	359312	361043	0
CP001429.2	361043	361215	1
CP001429.2	361215	361398	0
CP001429.2	361398	361500	1
CP001429.2	361500	362721	0
CP001429.2	362721	362788	1
CP001429.2	362788	363049	0
CP001429.2	363049	363219	1
CP001429.2	363219	363635	0
CP001429.2	363635	363836	1
CP001429.2	363836	364365	0
CP001429.2	364365	364406	1
CP001429.2	364406	365896	0
CP001429.2	365896	366048	1
CP001429.2	366048	366050	0
CP001429.2	366050	366151	1
CP001429.2	366151	366798	0
CP001429.2	366798	366853	1
CP001429.2	366853	367127	0
CP001429.2	367127	367178	1
CP001429.2	367178	367414	0
CP001429.2	367414	367468	1
CP001429.2	367468	367692	0
CP001429.2	367692	367796	1
CP001429.2	367796	367797	0
CP001429.2	367797	367804	1
CP001429.2	367804	367805	0
CP001429.2	367805	367830	1
CP001429.2	367830	369512	0
CP001429.2	369512	369654	1
CP001429.2	369654	371895	0
CP001429.2	371895	371964	1
CP001429.2	371964	372105	0
CP001429.2	372105	372139	1
CP001429.2	372139	372166	2
CP001429.2	372166	372168	1
CP001429.2	372168	372209	2
CP001429.2	372209	372215	1
CP001429.2	372215	373197	0
CP001429.2	373197	373267	1
CP001429.2	373267	374432	0
CP001429.2	374432	374506	1
CP001429.2	374506	376830	0
CP001429.2	376830	376997	1
CP001429.2	376997	377033	0
CP001429.2	377033	377119	1
CP001429.2	377119	377437	0
CP001429.2	377437	377508	1
CP001429.2	377508	378089	0
CP001429.2	378089	378106	1
CP001429.2	378106	378107	0
CP001429.2	378107	378115	1
CP001429.2	378115	378116	0
CP001429.2	378116	378143	1
CP001429.2	378143	378144	0
CP001429.2	378144	378163	1
CP001429.2	378163	378701	0
CP001429.2	378701	378723	1
CP001429.2	378723	378724	0
CP001429.2	378724	378756	1
CP001429.2	378756	378783	0
CP001429.2	378783	378831	1
CP001429.2	378831	378832	0
CP001429.2	378832	378845	1
CP001429.2	378845	383223	0
CP001429.2	383223	383297	1
CP001429.2	383297	383769	0
CP001429.2	383769	383929	1
CP001429.2	383929	385588	0
CP001429.2	385588	385680	1
CP001429.2	385680	385683	2
CP001429.2	385683	385707	1
CP001429.2	385707	385708	0
CP001429.2	385708	385710	1
CP001429.2	385710	385713	0
CP001429.2	385713	385760	1
CP001429.2	385760	385761	0
CP001429.2	385761	385809	1
CP001429.2	385809	387005	0
CP001429.2	387005	387052	1
CP001429.2	387052	387056	0
CP001429.2	387056	387203	1
CP001429.2	387203	387384	0
CP001429.2	387384	387438	1
CP001429.2	387438	388303	0
CP001429.2	388303	388334	1
CP001429.2	388334	388341	0
CP001429.2	388341	388359	1
CP001429.2	388359	388692	0
CP001429.2	388692	388856	1
CP001429.2	388856	389380	0
CP001429.2	389380	389453	1
CP001429.2	389453	389515	0
CP001429.2	389515	389562	1
CP001429.2	389562	389653	0
CP001429.2	389653	389807	1
CP001429.2	389807	392263	0
CP001429.2	392263	392302	1
CP001429.2	392302	392304	0
CP001429.2	392304	392334	1
CP001429.2	392334	392540	0
CP001429.2	392540	392675	1
CP001429.2	392675	393333	0
CP001429.2	393333	393358	1
CP001429.2	393358	393359	0
CP001429.2	393359	393518	1
CP001429.2	393518	393596	0
CP001429.2	393596	393664	1
CP001429.2	393664	393687	2
CP001429.2	393687	393688	1
CP001429.2	393688	393691	2
CP001429.2	393691	393718	1
CP001429.2	393718	394768	0
CP001429.2	394768	394905	1
CP001429.2	394905	395182	0
CP001429.2	395182	395243	1
CP001429.2	395243	396620	0
CP001429.2	396620	396763	1
CP001429.2	396763	396782	0
CP001429.2	396782	396877	1
CP001429.2	396877	397777	0
CP001429.2	397777	397841	1
CP001429.2	397841	401378	0
CP001429.2	401378	401531	1
CP001429.2	401531	402253	0
CP001429.2	402253	402314	1
CP001429.2	402314	403639	0
CP001429.2	403639	403701	1
CP001429.2	403701	403811	0
CP001429.2	403811	403896	1
CP001429.2	403896	405759	0
CP001429.2	405759	406347	1
CP001429.2	406347	406788	0
CP001429.2	406788	406844	1
CP001429.2	406844	408743	0
CP001429.2	408743	408809	1
CP001429.2	408809	410297	0
CP001429.2	410297	410408	1
CP001429.2	410408	410806	0
CP001429.2	410806	410865	1
CP001429.2	410865	410867	0
CP001429.2	410867	410910	1
CP001429.2	410910	410911	0
CP001429.2	410911	410956	1
CP001429.2	410956	411024	0
CP001429.2	411024	411067	1
CP001429.2	411067	411092	2
CP001429.2	411092	411094	1
CP001429.2	411094	411099	2
CP001429.2	411099	411131	1
CP001429.2	411131	411669	0
CP001429.2	411669	411780	1
CP001429.2	411780	412035	0
CP001429.2	412035	412094	1
CP001429.2	412094	412306	0
CP001429.2	412306	412365	1
CP001429.2	412365	413731	0
CP001429.2	413731	413793	1
CP001429.2	413793	413887	0
CP001429.2	413887	414140	1
CP001429.2	414140	414196	2
CP001429.2	414196	414557	1
CP001429.2	414557	415571	0
CP001429.2	415571	415595	1
CP001429.2	415595	415598	0
CP001429.2	415598	415640	1
CP001429.2	415640	415684	2
CP001429.2	415684	415995	1
CP001429.2	415995	416132	2
CP001429.2	416132	416580	1
CP001429.2	416580	416629	0
CP001429.2	416629	417993	1
CP001429.2	417993	418111	2
CP001429.2	418111	418250	3
CP001429.2	418250	418263	2
CP001429.2	418263	418271	1
CP001429.2	418271	421057	0
CP001429.2	421057	421165	1
CP001429.2	421165	422986	0
CP001429.2	422986	423146	1
CP001429.2	423146	424988	0
CP001429.2	424988	425039	2
CP001429.2	425039	425040	0
CP001429.2	425040	425078	2
CP001429.2	425078	425145	0
CP001429.2	425145	425205	1
CP001429.2	425205	425667	0
CP001429.2	425667	425741	1
CP001429.2	425741	425742	0
CP001429.2	425742	425766	1
CP001429.2	425766	425772	2
CP001429.2	425772	425779	3
CP001429.2	425779	425782	2
CP001429.2	425782	425829	3
CP001429.2	425829	425977	1
CP001429.2	425977	429900	0
CP001429.2	429900	429982	1
CP001429.2	429982	430037	0
CP001429.2	430037	430097	1
CP001429.2	430097	430098	0
CP001429.2	430098	430112	1
CP001429.2	430112	430448	0
CP001429.2	430448	430499	1
CP001429.2	430499	430501	0
CP001429.2	430501	430509	1
CP001429.2	430509	431903	0
CP001429.2	431903	431907	1
CP001429.2	431907	431986	2
CP001429.2	431986	431987	1
CP001429.2	431987	432023	2
CP001429.2	432023	432024	0
CP001429.2	432024	432058	2
CP001429.2	432058	432062	1
CP001429.2	432062	432900	0
CP001429.2	432900	432986	1
CP001429.2	432986	433473	0
CP001429.2	433473	433490	1
CP001429.2	433490	433491	0
CP001429.2	433491	433530	1
CP001429.2	433530	434102	0
CP001429.2	434102	434201	1
CP001429.2	434201	434488	0
CP001429.2	434488	434537	1
CP001429.2	434537	434543	0
CP001429.2	434543	434625	1
CP001429.2	434625	434632	0
CP001429.2	434632	434667	1
CP001429.2	434667	434700	2
CP001429.2	434700	434729	1
CP001429.2	434729	436442	0
CP001429.2	436442	436621	1
CP001429.2	436621	437464	0
CP001429.2	437464	437632	1
CP001429.2	437632	438036	0
CP001429.2	438036	438097	1
CP001429.2	438097	441929	0
CP001429.2	441929	441965	1
CP001429.2	441965	441966	0
CP001429.2	441966	442037	1
CP001429.2	442037	446036	0
CP001429.2	446036	446059	1
CP001429.2	446059	446060	0
CP001429.2	446060	446072	1
CP001429.2	446072	446104	2
CP001429.2	446104	446107	1
CP001429.2	446107	446111	2
CP001429.2	446111	446162	1
CP001429.2	446162	447532	0
CP001429.2	447532	447593	1
CP001429.2	447593	449550	0
CP001429.2	449550	449623	1
CP001429.2	449623	449896	0
CP001429.2	449896	449949	1
CP001429.2	449949	449950	0
CP001429.2	449950	449971	1
CP001429.2	449971	450781	0
CP001429.2	450781	450875	1
CP001429.2	450875	453809	0
CP001429.2	453809	453864	1
CP001429.2	453864	453868	2
CP001429.2	453868	453901	3
CP001429.2	453901	453916	2
CP001429.2	453916	453940	1
CP001429.2	453940	454918	0
CP001429.2	454918	454975	1
CP001429.2	454975	459229	0
CP001429.2	459229	459360	1
CP001429.2	459360	460984	0
CP001429.2	460984	461600	1
CP001429.2	461600	461605	2
CP001429.2	461605	461622	1
CP001429.2	461622	461625	0
CP001429.2	461625	461731	1
CP001429.2	461731	461732	0
CP001429.2	461732	461759	1
CP001429.2	461759	462191	0
CP001429.2	462191	462227	1
CP001429.2	462227	463389	0
CP001429.2	463389	463516	1
CP001429.2	463516	463517	0
CP001429.2	463517	463532	1
CP001429.2	463532	465795	0
CP001429.2	465795	465853	1
CP001429.2	465853	466292	0
CP001429.2	466292	466372	1
CP001429.2	466372	466688	0
CP001429.2	466688	466776	1
CP001429.2	466776	466926	0
CP001429.2	466926	466988	1
CP001429.2	466988	468662	0
CP001429.2	468662	468825	1
CP001429.2	468825	468848	0
CP001429.2	468848	469028	1
CP001429.2	469028	469112	0
CP001429.2	469112	469185	1
CP001429.2	469185	469360	0
CP001429.2	469360	469438	1
CP001429.2	469438	471805	0
CP001429.2	471805	471862	1
CP001429.2	471862	471867	0
CP001429.2	471867	471936	1
CP001429.2	471936	472224	0
CP001429.2	472224	472289	1
CP001429.2	472289	472531	0
CP001429.2	472531	472541	1
CP001429.2	472541	472542	0
CP001429.2	472542	472591	1
CP001429.2	472591	473001	0
CP001429.2	473001	473111	1
CP001429.2	473111	473902	0
CP001429.2	473902	473988	1
CP001429.2	473988	477720	0
CP001429.2	477720	477750	1
CP001429.2	477750	477755	2
CP001429.2	477755	477756	1
CP001429.2	477756	477785	2
CP001429.2	477785	477788	1
CP001429.2	477788	477799	2
CP001429.2	477799	477819	1
CP001429.2	477819	478549	0
CP001429.2	478549	478620	1
CP001429.2	478620	478863	0
CP001429.2	478863	478946	1
CP001429.2	478946	479038	2
CP001429.2	479038	479040	1
CP001429.2	479040	479999	0
CP001429.2	479999	480074	1
CP001429.2	480074	480969	0
CP001429.2	480969	480987	1
CP001429.2	480987	480993	0
CP001429.2	480993	481060	1
CP001429.2	481060	481071	0
CP001429.2	481071	481118	1
CP001429.2	481118	481132	0
CP001429.2	481132	481168	1
CP001429.2	481168	481833	0
CP001429.2	481833	481852	1
CP001429.2	481852	481864	0
CP001429.2	481864	481915	1
CP001429.2	481915	482903	0
CP001429.2	482903	482993	1
CP001429.2	482993	484050	0
CP001429.2	484050	484117	1
CP001429.2	484117	484583	0
CP001429.2	484583	484736	1
CP001429.2	484736	484791	0
CP001429.2	484791	484844	1
CP001429.2	484844	484858	2
CP001429.2	484858	484862	1
CP001429.2	484862	484901	2
CP001429.2	484901	484902	1
CP001429.2	484902	484922	2
CP001429.2	484922	484944	1
CP001429.2	484944	484952	0
CP001429.2	484952	484975	1
CP001429.2	484975	484976	0
CP001429.2	484976	484989	1
CP001429.2	484989	487017	0
CP001429.2	487017	487087	1
CP001429.2	487087	487175	0
CP001429.2	487175	487223	1
CP001429.2	487223	487231	2
CP001429.2	487231	487337	1
CP001429.2	487337	487542	0
CP001429.2	487542	487630	1
CP001429.2	487630	487648	0
CP001429.2	487648	487692	1
CP001429.2	487692	488648	0
CP001429.2	488648	488705	1
CP001429.2	488705	490086	0
CP001429.2	490086	490268	1
CP001429.2	490268	491165	0
CP001429.2	491165	491207	1
CP001429.2	491207	491691	0
CP001429.2	491691	491766	1
CP001429.2	491766	492469	0
CP001429.2	492469	492722	1
CP001429.2	492722	492824	2
CP001429.2	492824	493269	1
CP001429.2	493269	494232	0
CP001429.2	494232	494314	1
CP001429.2	494314	494680	0
CP001429.2	494680	494846	1
CP001429.2	494846	496242	0
CP001429.2	496242	496350	1
CP001429.2	496350	498050	0
CP001429.2	498050	498096	1
CP001429.2	498096	498101	0
CP001429.2	498101	498136	1
CP001429.2	498136	498282	0
CP001429.2	498282	498415	1
CP001429.2	498415	499210	0
CP001429.2	499210	499420	1
CP001429.2	499420	501172	0
CP001429.2	501172	501200	1
CP001429.2	501200	501201	0
CP001429.2	501201	501242	1
CP001429.2	501242	501243	0
CP001429.2	501243	501294	1
CP001429.2	501294	501608	0
CP001429.2	501608	501677	1
CP001429.2	501677	502241	0
CP001429.2	502241	502304	1
CP001429.2	502304	502844	0
CP001429.2	502844	502987	1
CP001429.2	502987	503483	0
CP001429.2	503483	503603	1
CP001429.2	503603	503604	0
CP001429.2	503604	503650	1
CP001429.2	503650	504011	0
CP001429.2	504011	504072	1
CP001429.2	504072	504075	0
CP001429.2	504075	505822	1
CP001429.2	505822	506058	0
CP001429.2	506058	506081	1
CP001429.2	506081	506082	0
CP001429.2	506082	506132	1
CP001429.2	506132	506393	0
CP001429.2	506393	506398	1
CP001429.2	506398	506453	2
CP001429.2	506453	506474	1
CP001429.2	506474	506478	0
CP001429.2	506478	506554	1
CP001429.2	506554	506793	0
CP001429.2	506793	506844	1
CP001429.2	506844	506897	0
CP001429.2	506897	506941	1
CP001429.2	506941	506942	0
CP001429.2	506942	507046	1
CP001429.2	507046	507048	0
CP001429.2	507048	507060	1
CP001429.2	507060	507616	0
CP001429.2	507616	507629	1
CP001429.2	507629	507631	0
CP001429.2	507631	507672	1
CP001429.2	507672	508098	0
CP001429.2	508098	508219	1
CP001429.2	508219	508548	0
CP001429.2	508548	508657	1
CP001429.2	508657	508757	0
CP001429.2	508757	508821	1
CP001429.2	508821	509298	0
CP001429.2	509298	509412	1
CP001429.2	509412	509413	0
CP001429.2	509413	509477	1
CP001429.2	509477	510011	0
CP001429.2	510011	510262	1
CP001429.2	510262	510319	2
CP001429.2	510319	512041	1
CP001429.2	512041	512152	2
CP001429.2	512152	512191	0
CP001429.2	512191	512265	1
CP001429.2	512265	515045	0
CP001429.2	515045	515098	1
CP001429.2	515098	515781	0
CP001429.2	515781	515827	1
CP001429.2	515827	515835	0
CP001429.2	515835	515867	1
CP001429.2	515867	516504	0
CP001429.2	516504	516606	1
CP001429.2	516606	516778	0
CP001429.2	516778	516844	1
CP001429.2	516844	516845	0
CP001429.2	516845	516912	1
CP001429.2	516912	516982	0
CP001429.2	516982	516993	1
CP001429.2	516993	517044	2
CP001429.2	517044	517058	1
CP001429.2	517058	517686	0
CP001429.2	517686	517858	1
CP001429.2	517858	518655	0
CP001429.2	518655	518745	1
CP001429.2	518745	521585	0
CP001429.2	521585	521678	1
CP001429.2	521678	523197	0
CP001429.2	523197	523351	1
CP001429.2	523351	523558	0
CP001429.2	523558	523582	1
CP001429.2	523582	523645	2
CP001429.2	523645	523688	1
CP001429.2	523688	523819	0
CP001429.2	523819	523848	1
CP001429.2	523848	523849	0
CP001429.2	523849	523899	1
CP001429.2	523899	525432	0
CP001429.2	525432	525510	1
CP001429.2	525510	525729	0
CP001429.2	525729	525829	1
CP001429.2	525829	527164	0
CP001429.2	527164	527215	1
CP001429.2	527215	527216	0
CP001429.2	527216	527309	1
CP001429.2	527309	527315	0
CP001429.2	527315	527380	1
CP001429.2	527380	527853	0
CP001429.2	527853	527919	1
CP001429.2	527919	528070	0
CP001429.2	528070	528119	1
CP001429.2	528119	529274	0
CP001429.2	529274	529343	1
CP001429.2	529343	531463	0
CP001429.2	531463	531536	1
CP001429.2	531536	531558	0
CP001429.2	531558	531611	1
CP001429.2	531611	532261	0
CP001429.2	532261	532334	1
CP001429.2	532334	533637	0
CP001429.2	533637	533834	1
CP001429.2	533834	534857	0
CP001429.2	534857	534923	1
CP001429.2	534923	535083	0
CP001429.2	535083	535142	1
CP001429.2	535142	535960	0
CP001429.2	535960	535985	1
CP001429.2	535985	536003	2
CP001429.2	536003	536004	1
CP001429.2	536004	536019	2
CP001429.2	536019	536020	1
CP001429.2	536020	536025	2
CP001429.2	536025	536065	1
CP001429.2	536065	536066	0
CP001429.2	536066	536132	1
CP001429.2	536132	537790	0
CP001429.2	537790	537873	1
CP001429.2	537873	538361	0
CP001429.2	538361	538451	1
CP001429.2	538451	538713	0
CP001429.2	538713	538896	1
CP001429.2	538896	540336	0
CP001429.2	540336	540407	1
CP001429.2	540407	547040	0
CP001429.2	547040	547076	1
CP001429.2	547076	549817	0
CP001429.2	549817	549884	1
CP001429.2	549884	549949	2
CP001429.2	549949	550059	1
CP001429.2	550059	550070	0
CP001429.2	550070	550195	1
CP001429.2	550195	550224	0
CP001429.2	550224	550299	1
CP001429.2	550299	550312	0
CP001429.2	550312	550370	1
CP001429.2	550370	550646	0
CP001429.2	550646	550692	1
CP001429.2	550692	550693	0
CP001429.2	550693	550731	1
CP001429.2	550731	550876	0
CP001429.2	550876	550952	1
CP001429.2	550952	551066	0
CP001429.2	551066	551117	1
CP001429.2	551117	552042	0
CP001429.2	552042	552072	1
CP001429.2	552072	552081	0
CP001429.2	552081	552088	1
CP001429.2	552088	552089	0
CP001429.2	552089	552161	1
CP001429.2	552161	552767	0
CP001429.2	552767	552834	1
CP001429.2	552834	553505	0
CP001429.2	553505	553563	1
CP001429.2	553563	559384	0
CP001429.2	559384	559464	1
CP001429.2	559464	560520	0
CP001429.2	560520	560563	1
CP001429.2	560563	560566	0
CP001429.2	560566	560657	1
CP001429.2	560657	560708	0
CP001429.2	560708	560785	1
CP001429.2	560785	561155	0
CP001429.2	561155	561323	1
CP001429.2	561323	561325	0
CP001429.2	561325	561338	1
CP001429.2	561338	561871	0
CP001429.2	561871	561953	1
CP001429.2	561953	562621	0
CP001429.2	562621	562757	1
CP001429.2	562757	562758	0
CP001429.2	562758	562762	1
CP001429.2	562762	563092	0
CP001429.2	563092	563245	1
CP001429.2	563245	564956	0
CP001429.2	564956	564996	1
CP001429.2	564996	564998	0
CP001429.2	564998	565059	1
CP001429.2	565059	567954	0
CP001429.2	567954	567971	1
CP001429.2	567971	568008	2
CP001429.2	568008	568032	3
CP001429.2	568032	568034	2
CP001429.2	568034	568170	1
CP001429.2	568170	568255	0
CP001429.2	568255	568436	1
CP001429.2	568436	568532	0
CP001429.2	568532	568622	1
CP001429.2	568622	568670	0
CP001429.2	568670	568709	1
CP001429.2	568709	571925	0
CP001429.2	571925	572028	1
CP001429.2	572028	572725	0
CP001429.2	572725	572777	1
CP001429.2	572777	573145	0
CP001429.2	573145	573264	2
CP001429.2	573264	573269	1
CP001429.2	573269	573431	0
CP001429.2	573431	573500	1
CP001429.2	573500	574106	0
CP001429.2	574106	574169	1
CP001429.2	574169	574512	0
CP001429.2	574512	574607	1
CP001429.2	574607	577207	0
CP001429.2	577207	577216	1
CP001429.2	577216	577217	0
CP001429.2	577217	577290	1
CP001429.2	577290	577315	0
CP001429.2	577315	577343	1
CP001429.2	577343	577345	0
CP001429.2	577345	577398	1
CP001429.2	577398	577903	0
CP001429.2	577903	578030	1
CP001429.2	578030	578344	0
CP001429.2	578344	578400	1
CP001429.2	578400	578567	0
CP001429.2	578567	578631	1
CP001429.2	578631	578695	0
CP001429.2	578695	578765	1
CP001429.2	578765	581429	0
CP001429.2	581429	581465	1
CP001429.2	581465	581469	0
CP001429.2	581469	581495	1
CP001429.2	581495	583715	0
CP001429.2	583715	583789	1
CP001429.2	583789	585615	0
CP001429.2	585615	585685	1
CP001429.2	585685	587176	0
CP001429.2	587176	587200	1
CP001429.2	587200	587201	0
CP001429.2	587201	587274	1
CP001429.2	587274	587333	0
CP001429.2	587333	587408	1
CP001429.2	587408	587409	0
CP001429.2	587409	587491	1
CP001429.2	587491	587492	0
CP001429.2	587492	587510	1
CP001429.2	587510	587638	0
CP001429.2	587638	587801	1
CP001429.2	587801	590941	0
CP001429.2	590941	591035	1
CP001429.2	591035	591285	0
CP001429.2	591285	591305	1
CP001429.2	591305	591306	0
CP001429.2	591306	591351	1
CP001429.2	591351	592401	0
CP001429.2	592401	592514	1
CP001429.2	592514	594216	0
CP001429.2	594216	594221	1
CP001429.2	594221	594222	0
CP001429.2	594222	594388	1
CP001429.2	594388	598950	0
CP001429.2	598950	598974	1
CP001429.2	598974	598977	0
CP001429.2	598977	599088	1
CP001429.2	599088	600230	0
CP001429.2	600230	600295	1
CP001429.2	600295	600478	0
CP001429.2	600478	600542	1
CP001429.2	600542	600824	0
CP001429.2	600824	600909	1
CP001429.2	600909	600955	0
CP001429.2	600955	601023	1
CP001429.2	601023	601157	0
CP001429.2	601157	601248	1
CP001429.2	601248	601560	0
CP001429.2	601560	601641	1
CP001429.2	601641	602211	0
CP001429.2	602211	602227	1
CP001429.2	602227	602228	0
CP001429.2	602228	602266	1
CP001429.2	602266	602319	0
CP001429.2	602319	602378	1
CP001429.2	602378	602695	0
CP001429.2	602695	602766	1
CP001429.2	602766	603307	0
CP001429.2	603307	603511	1
CP001429.2	603511	603519	0
CP001429.2	603519	603580	1
CP001429.2	603580	604254	0
CP001429.2	604254	604311	1
CP001429.2	604311	604479	0
CP001429.2	604479	604537	1
CP001429.2	604537	605636	0
CP001429.2	605636	606080	1
CP001429.2	606080	606084	0
CP001429.2	606084	606097	1
CP001429.2	606097	606109	0
CP001429.2	606109	606152	1
CP001429.2	606152	607487	0
CP001429.2	607487	607555	1
CP001429.2	607555	607887	0
CP001429.2	607887	608049	1
CP001429.2	608049	608068	0
CP001429.2	608068	608089	1
CP001429.2	608089	608151	2
CP001429.2	608151	608231	1
CP001429.2	608231	608377	0
CP001429.2	608377	608447	1
CP001429.2	608447	609025	0
CP001429.2	609025	609082	1
CP001429.2	609082	609083	0
CP001429.2	609083	609093	1
CP001429.2	609093	609094	0
CP001429.2	609094	609128	1
CP001429.2	609128	609345	0
CP001429.2	609345	609470	1
CP001429.2	609470	609471	0
CP001429.2	609471	609495	1
CP001429.2	609495	610069	0
CP001429.2	610069	610089	1
CP001429.2	610089	610090	0
CP001429.2	610090	610160	1
CP001429.2	610160	612588	0
CP001429.2	612588	612643	1
CP001429.2	612643	612657	0
CP001429.2	612657	612740	1
CP001429.2	612740	613358	0
CP001429.2	613358	613434	1
CP001429.2	613434	613435	0
CP001429.2	613435	613442	1
CP001429.2	613442	613443	0
CP001429.2	613443	613518	1
CP001429.2	613518	613519	0
CP001429.2	613519	613555	1
CP001429.2	613555	613978	0
CP001429.2	613978	614049	1
CP001429.2	614049	614330	0
CP001429.2	614330	614397	1
CP001429.2	614397	614867	0
CP001429.2	614867	614870	1
CP001429.2	614870	614882	2
CP001429.2	614882	614909	3
CP001429.2	614909	614925	4
CP001429.2	614925	614934	3
CP001429.2	614934	615001	2
CP001429.2	615001	615012	1
CP001429.2	615012	615143	0
CP001429.2	615143	615204	1
CP001429.2	615204	615205	0
CP001429.2	615205	615282	1
CP001429.2	615282	615283	0
CP001429.2	615283	615296	1
CP001429.2	615296	615299	0
CP001429.2	615299	615316	1
CP001429.2	615316	615347	0
CP001429.2	615347	615404	1
CP001429.2	615404	618257	0
CP001429.2	618257	618411	1
CP001429.2	618411	618467	2
CP001429.2	618467	618526	1
CP001429.2	618526	618636	0
CP001429.2	618636	618714	1
CP001429.2	618714	619900	0
CP001429.2	619900	619922	1
CP001429.2	619922	619964	2
CP001429.2	619964	620077	1
CP001429.2	620077	620243	0
CP001429.2	620243	620300	1
CP001429.2	620300	621221	0
CP001429.2	621221	621255	1
CP001429.2	621255	621256	0
CP001429.2	621256	621280	1
CP001429.2	621280	621281	2
CP001429.2	621281	621319	1
CP001429.2	621319	621397	2
CP001429.2	621397	621418	1
CP001429.2	621418	624440	0
CP001429.2	624440	624600	1
CP001429.2	624600	624701	0
CP001429.2	624701	624720	1
CP001429.2	624720	624721	0
CP001429.2	624721	624774	1
CP001429.2	624774	626421	0
CP001429.2	626421	626529	1
CP001429.2	626529	626530	0
CP001429.2	626530	626611	1
CP001429.2	626611	627395	0
CP001429.2	627395	627503	1
CP001429.2	627503	627573	2
CP001429.2	627573	627618	1
CP001429.2	627618	629678	0
CP001429.2	629678	629684	1
CP001429.2	629684	629686	0
CP001429.2	629686	629810	1
CP001429.2	629810	630203	0
CP001429.2	630203	630283	1
CP001429.2	630283	630351	0
CP001429.2	630351	630431	1
CP001429.2	630431	633406	0
CP001429.2	633406	633460	1
CP001429.2	633460	633479	0
CP001429.2	633479	633585	1
CP001429.2	633585	633766	0
CP001429.2	633766	633822	1
CP001429.2	633822	635521	0
CP001429.2	635521	635629	1
CP001429.2	635629	635880	0
CP001429.2	635880	635984	1
CP001429.2	635984	636001	0
CP001429.2	636001	636123	1
CP001429.2	636123	636994	0
