CP001429.2	0	19825	0
CP001429.2	19825	20050	1
CP001429.2	20050	25717	0
CP001429.2	25717	25845	1
CP001429.2	25845	44924	0
CP001429.2	44924	45099	1
CP001429.2	45099	45955	0
CP001429.2	45955	46050	1
CP001429.2	46050	48975	0
CP001429.2	48975	49053	1
CP001429.2	49053	63474	0
CP001429.2	63474	63485	1
CP001429.2	63485	63486	0
CP001429.2	63486	63534	1
CP001429.2	63534	78263	0
CP001429.2	78263	78272	1
CP001429.2	78272	78273	0
CP001429.2	78273	78328	1
CP001429.2	78328	81327	0
CP001429.2	81327	81451	1
CP001429.2	81451	91578	0
CP001429.2	91578	91637	1
CP001429.2	91637	119527	0
CP001429.2	119527	119664	1
CP001429.2	119664	121247	0
CP001429.2	121247	121293	1
CP001429.2	121293	123045	0
CP001429.2	123045	123110	1
CP001429.2	123110	128696	0
CP001429.2	128696	128755	1
CP001429.2	128755	132023	0
CP001429.2	132023	132438	1
CP001429.2	132438	137379	0
CP001429.2	137379	137445	1
CP001429.2	137445	137448	0
CP001429.2	137448	137466	1
CP001429.2	137466	145025	0
CP001429.2	145025	145114	1
CP001429.2	145114	153002	0
CP001429.2	153002	153052	1
CP001429.2	153052	159653	0
CP001429.2	159653	159719	1
CP001429.2	159719	166233	0
CP001429.2	166233	166386	1
CP001429.2	166386	168513	0
CP001429.2	168513	168589	1
CP001429.2	168589	169171	0
CP001429.2	169171	169236	1
CP001429.2	169236	177996	0
CP001429.2	177996	178069	1
CP001429.2	178069	178099	0
CP001429.2	178099	178288	1
CP001429.2	178288	188541	0
CP001429.2	188541	188611	1
CP001429.2	188611	189848	0
CP001429.2	189848	190021	1
CP001429.2	190021	197016	0
CP001429.2	197016	197075	1
CP001429.2	197075	205759	0
CP001429.2	205759	205917	1
CP001429.2	205917	208096	0
CP001429.2	208096	208235	1
CP001429.2	208235	213649	0
CP001429.2	213649	213785	1
CP001429.2	213785	227707	0
CP001429.2	227707	227773	1
CP001429.2	227773	240048	0
CP001429.2	240048	240110	1
CP001429.2	240110	260043	0
CP001429.2	260043	260113	1
CP001429.2	260113	261445	0
CP001429.2	261445	261500	1
CP001429.2	261500	276693	0
CP001429.2	276693	276797	1
CP001429.2	276797	278684	0
CP001429.2	278684	278752	1
CP001429.2	278752	280613	0
CP001429.2	280613	280673	1
CP001429.2	280673	282297	0
CP001429.2	282297	282374	1
CP001429.2	282374	284865	0
CP001429.2	284865	285110	1
CP001429.2	285110	289164	0
CP001429.2	289164	289223	1
CP001429.2	289223	291198	0
CP001429.2	291198	291264	1
CP001429.2	291264	291626	0
CP001429.2	291626	291776	1
CP001429.2	291776	295402	0
CP001429.2	295402	295459	1
CP001429.2	295459	302720	0
CP001429.2	302720	302786	1
CP001429.2	302786	304722	0
CP001429.2	304722	304778	1
CP001429.2	304778	315604	0
CP001429.2	315604	315668	1
CP001429.2	315668	319372	0
CP001429.2	319372	319414	1
CP001429.2	319414	319415	0
CP001429.2	319415	319428	1
CP001429.2	319428	319429	0
CP001429.2	319429	319477	1
CP001429.2	319477	320447	0
CP001429.2	320447	320548	1
CP001429.2	320548	323810	0
CP001429.2	323810	323864	1
CP001429.2	323864	336807	0
CP001429.2	336807	336960	1
CP001429.2	336960	341618	0
CP001429.2	341618	341705	1
CP001429.2	341705	353061	0
CP001429.2	353061	353225	1
CP001429.2	353225	354993	0
CP001429.2	354993	355127	1
CP001429.2	355127	358477	0
CP001429.2	358477	358537	1
CP001429.2	358537	359579	0
CP001429.2	359579	359637	1
CP001429.2	359637	363643	0
CP001429.2	363643	363822	1
CP001429.2	363822	376833	0
CP001429.2	376833	376991	1
CP001429.2	376991	389678	0
CP001429.2	389678	389791	1
CP001429.2	389791	393343	0
CP001429.2	393343	393351	1
CP001429.2	393351	393352	0
CP001429.2	393352	393415	1
CP001429.2	393415	401392	0
CP001429.2	401392	401483	1
CP001429.2	401483	402279	0
CP001429.2	402279	402358	1
CP001429.2	402358	403646	0
CP001429.2	403646	403699	1
CP001429.2	403699	403839	0
CP001429.2	403839	403896	1
CP001429.2	403896	406792	0
CP001429.2	406792	406844	1
CP001429.2	406844	410298	0
CP001429.2	410298	410401	1
CP001429.2	410401	413733	0
CP001429.2	413733	413789	1
CP001429.2	413789	425766	0
CP001429.2	425766	425824	1
CP001429.2	425824	431680	0
CP001429.2	431680	431759	1
CP001429.2	431759	459276	0
CP001429.2	459276	459330	1
CP001429.2	459330	468688	0
CP001429.2	468688	468750	1
CP001429.2	468750	475038	0
CP001429.2	475038	475098	1
CP001429.2	475098	480006	0
CP001429.2	480006	480060	1
CP001429.2	480060	482746	0
CP001429.2	482746	482837	1
CP001429.2	482837	487257	0
CP001429.2	487257	487332	1
CP001429.2	487332	493002	0
CP001429.2	493002	493063	1
CP001429.2	493063	499247	0
CP001429.2	499247	499420	1
CP001429.2	499420	500458	0
CP001429.2	500458	500635	1
CP001429.2	500635	502901	0
CP001429.2	502901	502971	1
CP001429.2	502971	506406	0
CP001429.2	506406	506475	1
CP001429.2	506475	509298	0
CP001429.2	509298	509412	1
CP001429.2	509412	509413	0
CP001429.2	509413	509443	1
CP001429.2	509443	517686	0
CP001429.2	517686	517831	1
CP001429.2	517831	519634	0
CP001429.2	519634	519788	1
CP001429.2	519788	538719	0
CP001429.2	538719	538805	1
CP001429.2	538805	571946	0
CP001429.2	571946	572011	1
CP001429.2	572011	573145	0
CP001429.2	573145	573240	1
CP001429.2	573240	574514	0
CP001429.2	574514	574606	1
CP001429.2	574606	605640	0
CP001429.2	605640	605719	1
CP001429.2	605719	614301	0
CP001429.2	614301	614362	1
CP001429.2	614362	614918	0
CP001429.2	614918	614971	1
CP001429.2	614971	626430	0
CP001429.2	626430	626512	1
CP001429.2	626512	636036	0
CP001429.2	636036	636107	1
CP001429.2	636107	636994	0
