CP049785.1	0	41530	0
CP049785.1	41530	41593	1
CP049785.1	41593	72263	0
CP049785.1	72263	72313	1
CP049785.1	72313	81559	0
CP049785.1	81559	81608	1
CP049785.1	81608	112188	0
CP049785.1	112188	112242	1
CP049785.1	112242	222799	0
CP049785.1	222799	222893	1
CP049785.1	222893	222897	0
CP049785.1	222897	222925	1
CP049785.1	222925	265459	0
CP049785.1	265459	265532	1
CP049785.1	265532	307375	0
CP049785.1	307375	307440	1
CP049785.1	307440	307441	0
CP049785.1	307441	307538	1
CP049785.1	307538	324005	0
CP049785.1	324005	324102	1
CP049785.1	324102	325977	0
CP049785.1	325977	326036	1
CP049785.1	326036	335410	0
CP049785.1	335410	335473	1
CP049785.1	335473	482003	0
CP049785.1	482003	482105	1
CP049785.1	482105	482371	0
CP049785.1	482371	482465	1
CP049785.1	482465	482820	0
CP049785.1	482820	482894	1
CP049785.1	482894	512418	0
CP049785.1	512418	512542	1
CP049785.1	512542	533280	0
CP049785.1	533280	533379	1
CP049785.1	533379	597424	0
CP049785.1	597424	597490	1
CP049785.1	597490	623008	0
