CP142632.1	0	147	0
CP142632.1	147	221	1
CP142632.1	221	3204	0
CP142632.1	3204	3209	1
CP142632.1	3209	3210	0
CP142632.1	3210	3259	1
CP142632.1	3259	3652	0
CP142632.1	3652	3718	1
CP142632.1	3718	4414	0
CP142632.1	4414	4427	1
CP142632.1	4427	4428	0
CP142632.1	4428	4505	1
CP142632.1	4505	5028	0
CP142632.1	5028	5052	1
CP142632.1	5052	5054	0
CP142632.1	5054	5102	1
CP142632.1	5102	6469	0
CP142632.1	6469	6539	1
CP142632.1	6539	8061	0
CP142632.1	8061	8121	1
CP142632.1	8121	8122	0
CP142632.1	8122	8147	1
CP142632.1	8147	8276	0
CP142632.1	8276	8316	1
CP142632.1	8316	8317	0
CP142632.1	8317	8383	1
CP142632.1	8383	11155	0
CP142632.1	11155	11177	1
CP142632.1	11177	11178	0
CP142632.1	11178	11217	1
CP142632.1	11217	11220	0
CP142632.1	11220	11237	1
CP142632.1	11237	12326	0
CP142632.1	12326	12389	1
CP142632.1	12389	12391	0
CP142632.1	12391	12432	1
CP142632.1	12432	12435	0
CP142632.1	12435	12452	1
CP142632.1	12452	13932	0
CP142632.1	13932	13949	1
CP142632.1	13949	13951	0
CP142632.1	13951	14014	1
CP142632.1	14014	14045	2
CP142632.1	14045	14046	1
CP142632.1	14046	14078	2
CP142632.1	14078	14104	1
CP142632.1	14104	15683	0
CP142632.1	15683	15739	1
CP142632.1	15739	16202	0
CP142632.1	16202	16263	1
CP142632.1	16263	16629	0
CP142632.1	16629	16716	1
CP142632.1	16716	16717	0
CP142632.1	16717	16728	1
CP142632.1	16728	17365	0
CP142632.1	17365	17425	1
CP142632.1	17425	21665	0
CP142632.1	21665	21702	1
CP142632.1	21702	22347	0
CP142632.1	22347	22419	1
CP142632.1	22419	23342	0
CP142632.1	23342	23418	1
CP142632.1	23418	24477	0
CP142632.1	24477	24521	1
CP142632.1	24521	24522	0
CP142632.1	24522	24540	1
CP142632.1	24540	24542	0
CP142632.1	24542	24597	1
CP142632.1	24597	24739	0
CP142632.1	24739	24745	1
CP142632.1	24745	24748	0
CP142632.1	24748	24769	1
CP142632.1	24769	24772	0
CP142632.1	24772	24789	1
CP142632.1	24789	24790	0
CP142632.1	24790	24915	1
CP142632.1	24915	25601	0
CP142632.1	25601	25686	1
CP142632.1	25686	25805	0
CP142632.1	25805	25838	1
CP142632.1	25838	25839	0
CP142632.1	25839	25875	1
CP142632.1	25875	32219	0
CP142632.1	32219	32242	1
CP142632.1	32242	32243	0
CP142632.1	32243	32268	1
CP142632.1	32268	32269	0
CP142632.1	32269	32327	1
CP142632.1	32327	32330	0
CP142632.1	32330	32386	1
CP142632.1	32386	32388	0
CP142632.1	32388	32423	1
CP142632.1	32423	32912	0
CP142632.1	32912	32957	1
CP142632.1	32957	32960	0
CP142632.1	32960	32992	1
CP142632.1	32992	33045	0
CP142632.1	33045	33179	1
CP142632.1	33179	34024	0
CP142632.1	34024	34193	1
CP142632.1	34193	34789	0
CP142632.1	34789	34827	1
CP142632.1	34827	35041	0
CP142632.1	35041	35203	1
CP142632.1	35203	35204	0
CP142632.1	35204	35266	1
CP142632.1	35266	37617	0
CP142632.1	37617	37684	1
CP142632.1	37684	37836	0
CP142632.1	37836	37952	1
CP142632.1	37952	37957	0
CP142632.1	37957	37982	1
CP142632.1	37982	40641	0
CP142632.1	40641	40731	1
CP142632.1	40731	42330	0
CP142632.1	42330	42453	1
CP142632.1	42453	42593	0
CP142632.1	42593	42645	1
CP142632.1	42645	46539	0
CP142632.1	46539	46586	1
CP142632.1	46586	46587	0
CP142632.1	46587	46627	1
CP142632.1	46627	49381	0
CP142632.1	49381	49443	1
CP142632.1	49443	50509	0
CP142632.1	50509	50557	1
CP142632.1	50557	52411	0
CP142632.1	52411	52414	1
CP142632.1	52414	52415	0
CP142632.1	52415	52423	1
CP142632.1	52423	52424	0
CP142632.1	52424	52474	1
CP142632.1	52474	52806	0
CP142632.1	52806	52877	1
CP142632.1	52877	52983	2
CP142632.1	52983	53013	1
CP142632.1	53013	53309	0
CP142632.1	53309	53456	1
CP142632.1	53456	59274	0
CP142632.1	59274	59385	1
CP142632.1	59385	59632	0
CP142632.1	59632	59661	1
CP142632.1	59661	59666	0
CP142632.1	59666	59746	1
CP142632.1	59746	59978	0
CP142632.1	59978	60021	1
CP142632.1	60021	60023	0
CP142632.1	60023	60139	1
CP142632.1	60139	61104	0
CP142632.1	61104	61164	1
CP142632.1	61164	62428	0
CP142632.1	62428	62539	1
CP142632.1	62539	63024	0
CP142632.1	63024	63077	1
CP142632.1	63077	64677	0
CP142632.1	64677	64751	1
CP142632.1	64751	64754	0
CP142632.1	64754	64782	1
CP142632.1	64782	65231	0
CP142632.1	65231	65301	1
CP142632.1	65301	65886	0
CP142632.1	65886	65920	1
CP142632.1	65920	65928	0
CP142632.1	65928	66027	1
CP142632.1	66027	67094	0
CP142632.1	67094	67152	1
CP142632.1	67152	67187	2
CP142632.1	67187	67235	1
CP142632.1	67235	69261	0
CP142632.1	69261	69353	1
CP142632.1	69353	70104	0
CP142632.1	70104	70142	1
CP142632.1	70142	70267	0
CP142632.1	70267	70362	1
CP142632.1	70362	71590	0
CP142632.1	71590	71788	1
CP142632.1	71788	71790	0
CP142632.1	71790	71831	1
CP142632.1	71831	71832	0
CP142632.1	71832	71834	1
CP142632.1	71834	71835	0
CP142632.1	71835	71988	1
CP142632.1	71988	72149	0
CP142632.1	72149	72240	1
CP142632.1	72240	73639	0
CP142632.1	73639	73671	1
CP142632.1	73671	73672	0
CP142632.1	73672	73688	1
CP142632.1	73688	73691	0
CP142632.1	73691	73743	1
CP142632.1	73743	76437	0
CP142632.1	76437	76506	1
CP142632.1	76506	76509	0
CP142632.1	76509	76522	1
CP142632.1	76522	76530	0
CP142632.1	76530	76561	1
CP142632.1	76561	79690	0
CP142632.1	79690	79815	1
CP142632.1	79815	79906	0
CP142632.1	79906	79977	1
CP142632.1	79977	79983	0
CP142632.1	79983	80022	1
CP142632.1	80022	80094	2
CP142632.1	80094	80114	1
CP142632.1	80114	80852	0
CP142632.1	80852	80932	1
CP142632.1	80932	81826	0
CP142632.1	81826	81914	1
CP142632.1	81914	81933	2
CP142632.1	81933	81959	1
CP142632.1	81959	83942	0
CP142632.1	83942	84037	1
CP142632.1	84037	85434	0
CP142632.1	85434	85447	1
CP142632.1	85447	85453	0
CP142632.1	85453	85499	1
CP142632.1	85499	86055	0
CP142632.1	86055	86121	1
CP142632.1	86121	86474	0
CP142632.1	86474	86503	1
CP142632.1	86503	86504	0
CP142632.1	86504	86514	1
CP142632.1	86514	86517	0
CP142632.1	86517	86526	1
CP142632.1	86526	86534	0
CP142632.1	86534	86557	1
CP142632.1	86557	86559	0
CP142632.1	86559	86574	1
CP142632.1	86574	86575	0
CP142632.1	86575	86612	1
CP142632.1	86612	86694	0
CP142632.1	86694	86707	1
CP142632.1	86707	86708	0
CP142632.1	86708	86776	1
CP142632.1	86776	86777	0
CP142632.1	86777	86838	1
CP142632.1	86838	86983	0
CP142632.1	86983	87082	1
CP142632.1	87082	88992	0
CP142632.1	88992	89036	1
CP142632.1	89036	89623	0
CP142632.1	89623	89673	1
CP142632.1	89673	89884	0
CP142632.1	89884	89936	1
CP142632.1	89936	89939	0
CP142632.1	89939	89977	1
CP142632.1	89977	90359	0
CP142632.1	90359	90397	1
CP142632.1	90397	90399	0
CP142632.1	90399	90456	1
CP142632.1	90456	91796	0
CP142632.1	91796	91907	1
CP142632.1	91907	91938	0
CP142632.1	91938	91995	1
CP142632.1	91995	92074	2
CP142632.1	92074	92084	1
CP142632.1	92084	96830	0
CP142632.1	96830	96874	1
CP142632.1	96874	96877	0
CP142632.1	96877	96916	1
CP142632.1	96916	100636	0
CP142632.1	100636	100684	1
CP142632.1	100684	101422	0
CP142632.1	101422	101517	1
CP142632.1	101517	101551	2
CP142632.1	101551	101609	1
CP142632.1	101609	101610	0
CP142632.1	101610	101777	1
CP142632.1	101777	101778	0
CP142632.1	101778	101815	1
CP142632.1	101815	103364	0
CP142632.1	103364	103486	1
CP142632.1	103486	104377	0
CP142632.1	104377	104434	1
CP142632.1	104434	104437	0
CP142632.1	104437	104494	1
CP142632.1	104494	107241	0
CP142632.1	107241	107294	1
CP142632.1	107294	107617	0
CP142632.1	107617	107658	1
CP142632.1	107658	107660	0
CP142632.1	107660	107692	1
CP142632.1	107692	110605	0
CP142632.1	110605	110687	1
CP142632.1	110687	110868	0
CP142632.1	110868	110937	1
CP142632.1	110937	110979	0
CP142632.1	110979	110992	1
CP142632.1	110992	110996	0
CP142632.1	110996	111040	1
CP142632.1	111040	111048	0
CP142632.1	111048	111068	1
CP142632.1	111068	111069	0
CP142632.1	111069	111162	1
CP142632.1	111162	111163	0
CP142632.1	111163	111196	1
CP142632.1	111196	112401	0
CP142632.1	112401	112474	1
CP142632.1	112474	112478	2
CP142632.1	112478	112489	3
CP142632.1	112489	112492	2
CP142632.1	112492	112511	3
CP142632.1	112511	112512	2
CP142632.1	112512	112533	3
CP142632.1	112533	112543	2
CP142632.1	112543	112587	1
CP142632.1	112587	112806	0
CP142632.1	112806	112864	1
CP142632.1	112864	113365	0
CP142632.1	113365	113444	1
CP142632.1	113444	113702	0
CP142632.1	113702	113847	1
CP142632.1	113847	114037	0
CP142632.1	114037	114093	1
CP142632.1	114093	114099	2
CP142632.1	114099	114167	1
CP142632.1	114167	114168	0
CP142632.1	114168	114215	1
CP142632.1	114215	114217	2
CP142632.1	114217	114245	1
CP142632.1	114245	114249	0
CP142632.1	114249	114256	1
CP142632.1	114256	114360	2
CP142632.1	114360	114376	1
CP142632.1	114376	114829	0
CP142632.1	114829	114874	1
CP142632.1	114874	114877	0
CP142632.1	114877	114959	1
CP142632.1	114959	115406	0
CP142632.1	115406	115441	1
CP142632.1	115441	115475	2
CP142632.1	115475	115478	1
CP142632.1	115478	115485	2
CP142632.1	115485	115500	3
CP142632.1	115500	115527	1
CP142632.1	115527	115528	0
CP142632.1	115528	115613	1
CP142632.1	115613	116762	0
CP142632.1	116762	116798	1
CP142632.1	116798	116803	0
CP142632.1	116803	116857	1
CP142632.1	116857	117922	0
CP142632.1	117922	117993	1
CP142632.1	117993	118664	0
CP142632.1	118664	118700	1
CP142632.1	118700	121707	0
CP142632.1	121707	121855	1
CP142632.1	121855	121925	0
CP142632.1	121925	122023	1
CP142632.1	122023	122398	0
CP142632.1	122398	122468	1
CP142632.1	122468	125099	0
CP142632.1	125099	125140	1
CP142632.1	125140	125141	0
CP142632.1	125141	125156	1
CP142632.1	125156	125157	0
CP142632.1	125157	125292	1
CP142632.1	125292	127564	0
CP142632.1	127564	127697	1
CP142632.1	127697	129866	0
CP142632.1	129866	129995	1
CP142632.1	129995	129997	0
CP142632.1	129997	130009	1
CP142632.1	130009	131002	0
CP142632.1	131002	131171	1
CP142632.1	131171	133707	0
CP142632.1	133707	133777	1
CP142632.1	133777	134168	0
CP142632.1	134168	134255	1
CP142632.1	134255	134256	0
CP142632.1	134256	134315	1
CP142632.1	134315	134316	0
CP142632.1	134316	134334	1
CP142632.1	134334	134367	2
CP142632.1	134367	134374	1
CP142632.1	134374	134395	2
CP142632.1	134395	134444	1
CP142632.1	134444	134546	0
CP142632.1	134546	134747	1
CP142632.1	134747	134748	0
CP142632.1	134748	134776	1
CP142632.1	134776	135292	0
CP142632.1	135292	135342	1
CP142632.1	135342	135343	0
CP142632.1	135343	135365	1
CP142632.1	135365	135393	2
CP142632.1	135393	135403	1
CP142632.1	135403	135404	0
CP142632.1	135404	135426	1
CP142632.1	135426	135768	0
CP142632.1	135768	135803	1
CP142632.1	135803	135812	0
CP142632.1	135812	135863	1
CP142632.1	135863	136128	0
CP142632.1	136128	136161	1
CP142632.1	136161	136162	0
CP142632.1	136162	136242	1
CP142632.1	136242	136784	0
CP142632.1	136784	136849	1
CP142632.1	136849	137837	0
CP142632.1	137837	137863	1
CP142632.1	137863	137866	0
CP142632.1	137866	137920	1
CP142632.1	137920	138949	0
CP142632.1	138949	139001	1
CP142632.1	139001	139002	0
CP142632.1	139002	139054	1
CP142632.1	139054	139055	0
CP142632.1	139055	139070	1
CP142632.1	139070	139083	0
CP142632.1	139083	139134	1
CP142632.1	139134	141106	0
CP142632.1	141106	141203	1
CP142632.1	141203	143440	0
CP142632.1	143440	143443	1
CP142632.1	143443	143444	0
CP142632.1	143444	143517	1
CP142632.1	143517	143518	0
CP142632.1	143518	143571	1
CP142632.1	143571	144396	0
CP142632.1	144396	144499	1
CP142632.1	144499	145541	0
CP142632.1	145541	145605	1
CP142632.1	145605	145607	0
CP142632.1	145607	145643	1
CP142632.1	145643	147028	0
CP142632.1	147028	147210	1
CP142632.1	147210	148774	0
CP142632.1	148774	148811	1
CP142632.1	148811	150198	0
CP142632.1	150198	150322	1
CP142632.1	150322	151027	0
CP142632.1	151027	151065	1
CP142632.1	151065	151067	0
CP142632.1	151067	151126	1
CP142632.1	151126	151142	0
CP142632.1	151142	151148	1
CP142632.1	151148	151155	0
CP142632.1	151155	151201	1
CP142632.1	151201	152798	0
CP142632.1	152798	152845	1
CP142632.1	152845	152850	0
CP142632.1	152850	152882	1
CP142632.1	152882	152913	2
CP142632.1	152913	153038	1
CP142632.1	153038	153552	0
CP142632.1	153552	153621	1
CP142632.1	153621	153622	0
CP142632.1	153622	153648	1
CP142632.1	153648	154477	0
CP142632.1	154477	154557	1
CP142632.1	154557	154609	2
CP142632.1	154609	154611	1
CP142632.1	154611	154629	2
CP142632.1	154629	154632	1
CP142632.1	154632	154634	0
CP142632.1	154634	154682	1
CP142632.1	154682	155262	0
CP142632.1	155262	155271	1
CP142632.1	155271	155315	2
CP142632.1	155315	155331	1
CP142632.1	155331	155752	0
CP142632.1	155752	155834	1
CP142632.1	155834	163071	0
CP142632.1	163071	163115	1
CP142632.1	163115	163116	0
CP142632.1	163116	163206	1
CP142632.1	163206	163573	0
CP142632.1	163573	163615	1
CP142632.1	163615	163617	0
CP142632.1	163617	163657	1
CP142632.1	163657	163751	0
CP142632.1	163751	163852	1
CP142632.1	163852	165846	0
CP142632.1	165846	165909	1
CP142632.1	165909	167031	0
CP142632.1	167031	167068	1
CP142632.1	167068	167102	2
CP142632.1	167102	167121	1
CP142632.1	167121	167123	0
CP142632.1	167123	167134	1
CP142632.1	167134	167153	2
CP142632.1	167153	167154	1
CP142632.1	167154	167165	2
CP142632.1	167165	167166	1
CP142632.1	167166	167176	2
CP142632.1	167176	167177	0
CP142632.1	167177	167225	2
CP142632.1	167225	167269	1
CP142632.1	167269	168374	0
CP142632.1	168374	168383	1
CP142632.1	168383	168389	0
CP142632.1	168389	168457	1
CP142632.1	168457	168459	0
CP142632.1	168459	168520	1
CP142632.1	168520	169537	0
CP142632.1	169537	169679	1
CP142632.1	169679	169755	0
CP142632.1	169755	169791	1
CP142632.1	169791	169794	0
CP142632.1	169794	169880	1
CP142632.1	169880	171493	0
CP142632.1	171493	171536	1
CP142632.1	171536	171539	0
CP142632.1	171539	171589	1
CP142632.1	171589	171644	2
CP142632.1	171644	171649	1
CP142632.1	171649	172041	0
CP142632.1	172041	172069	1
CP142632.1	172069	172074	0
CP142632.1	172074	172111	1
CP142632.1	172111	172112	0
CP142632.1	172112	172159	1
CP142632.1	172159	172160	0
CP142632.1	172160	172181	1
CP142632.1	172181	172190	2
CP142632.1	172190	172205	3
CP142632.1	172205	172240	2
CP142632.1	172240	172266	1
CP142632.1	172266	172281	0
CP142632.1	172281	172318	1
CP142632.1	172318	174209	0
CP142632.1	174209	174234	1
CP142632.1	174234	174235	0
CP142632.1	174235	174284	1
CP142632.1	174284	174286	0
CP142632.1	174286	174365	1
CP142632.1	174365	176284	0
CP142632.1	176284	176376	1
CP142632.1	176376	177286	0
CP142632.1	177286	177387	1
CP142632.1	177387	177981	0
CP142632.1	177981	178057	1
CP142632.1	178057	178108	0
CP142632.1	178108	178121	1
CP142632.1	178121	178125	0
CP142632.1	178125	178158	1
CP142632.1	178158	178161	0
CP142632.1	178161	178192	1
CP142632.1	178192	178193	0
CP142632.1	178193	178268	1
CP142632.1	178268	179549	0
CP142632.1	179549	179570	1
CP142632.1	179570	179571	0
CP142632.1	179571	179607	1
CP142632.1	179607	180543	0
CP142632.1	180543	180736	1
CP142632.1	180736	180906	0
CP142632.1	180906	180984	1
CP142632.1	180984	180985	0
CP142632.1	180985	181144	1
CP142632.1	181144	181148	0
CP142632.1	181148	181190	1
CP142632.1	181190	183242	0
CP142632.1	183242	183255	1
CP142632.1	183255	183256	0
CP142632.1	183256	183268	1
CP142632.1	183268	183269	0
CP142632.1	183269	183371	1
CP142632.1	183371	188743	0
CP142632.1	188743	188824	1
CP142632.1	188824	191894	0
CP142632.1	191894	192012	1
CP142632.1	192012	193748	0
CP142632.1	193748	193815	1
CP142632.1	193815	193816	0
CP142632.1	193816	193860	1
CP142632.1	193860	194393	0
CP142632.1	194393	194481	1
CP142632.1	194481	195017	0
CP142632.1	195017	195086	1
CP142632.1	195086	196686	0
CP142632.1	196686	196747	1
CP142632.1	196747	196748	0
CP142632.1	196748	196760	1
CP142632.1	196760	198909	0
CP142632.1	198909	199020	1
CP142632.1	199020	202865	0
CP142632.1	202865	202929	1
CP142632.1	202929	204292	0
CP142632.1	204292	204398	1
CP142632.1	204398	204399	0
CP142632.1	204399	204431	1
CP142632.1	204431	204625	0
CP142632.1	204625	204673	1
CP142632.1	204673	204977	0
CP142632.1	204977	205053	1
CP142632.1	205053	205247	0
CP142632.1	205247	205285	1
CP142632.1	205285	205286	0
CP142632.1	205286	205297	1
CP142632.1	205297	207703	0
CP142632.1	207703	207727	1
CP142632.1	207727	207728	0
CP142632.1	207728	207787	1
CP142632.1	207787	207788	0
CP142632.1	207788	207841	1
CP142632.1	207841	207845	0
CP142632.1	207845	207990	1
CP142632.1	207990	208595	0
CP142632.1	208595	208655	1
CP142632.1	208655	209173	0
CP142632.1	209173	209224	1
CP142632.1	209224	209244	0
CP142632.1	209244	209273	1
CP142632.1	209273	209452	0
CP142632.1	209452	209487	1
CP142632.1	209487	209994	0
CP142632.1	209994	210091	1
CP142632.1	210091	210093	0
CP142632.1	210093	210115	1
CP142632.1	210115	210116	0
CP142632.1	210116	210183	1
CP142632.1	210183	210185	0
CP142632.1	210185	210199	1
CP142632.1	210199	211394	0
CP142632.1	211394	211452	1
CP142632.1	211452	211484	2
CP142632.1	211484	211558	1
CP142632.1	211558	215752	0
CP142632.1	215752	215817	1
CP142632.1	215817	215818	0
CP142632.1	215818	215841	1
CP142632.1	215841	216032	0
CP142632.1	216032	216104	1
CP142632.1	216104	216267	0
CP142632.1	216267	216374	1
CP142632.1	216374	216850	0
CP142632.1	216850	216892	1
CP142632.1	216892	217030	0
CP142632.1	217030	217138	1
CP142632.1	217138	218486	0
CP142632.1	218486	218634	1
CP142632.1	218634	222815	0
CP142632.1	222815	222964	1
CP142632.1	222964	224061	0
CP142632.1	224061	224077	1
CP142632.1	224077	224079	0
CP142632.1	224079	224120	1
CP142632.1	224120	225214	0
CP142632.1	225214	225348	1
CP142632.1	225348	225370	0
CP142632.1	225370	225407	1
CP142632.1	225407	225408	0
CP142632.1	225408	225474	1
CP142632.1	225474	226761	0
CP142632.1	226761	226772	1
CP142632.1	226772	226775	0
CP142632.1	226775	226882	1
CP142632.1	226882	229014	0
CP142632.1	229014	229037	1
CP142632.1	229037	229043	0
CP142632.1	229043	229097	1
CP142632.1	229097	229599	0
CP142632.1	229599	229620	1
CP142632.1	229620	229625	0
CP142632.1	229625	229671	1
CP142632.1	229671	230762	0
CP142632.1	230762	230787	1
CP142632.1	230787	230788	0
CP142632.1	230788	230805	1
CP142632.1	230805	234380	0
CP142632.1	234380	234521	1
CP142632.1	234521	235948	0
CP142632.1	235948	236010	1
CP142632.1	236010	236219	0
CP142632.1	236219	236324	1
CP142632.1	236324	243181	0
CP142632.1	243181	243246	1
CP142632.1	243246	245089	0
CP142632.1	245089	245112	1
CP142632.1	245112	245115	0
CP142632.1	245115	245166	1
CP142632.1	245166	245412	0
CP142632.1	245412	245512	1
CP142632.1	245512	245637	0
CP142632.1	245637	245678	1
CP142632.1	245678	245679	0
CP142632.1	245679	245807	1
CP142632.1	245807	248044	0
CP142632.1	248044	248225	1
CP142632.1	248225	248814	0
CP142632.1	248814	248841	1
CP142632.1	248841	248842	0
CP142632.1	248842	248924	1
CP142632.1	248924	248927	0
CP142632.1	248927	248989	1
CP142632.1	248989	250949	0
CP142632.1	250949	251000	1
CP142632.1	251000	252431	0
CP142632.1	252431	252502	1
CP142632.1	252502	253407	0
CP142632.1	253407	253442	1
CP142632.1	253442	253451	0
CP142632.1	253451	253514	1
CP142632.1	253514	257060	0
CP142632.1	257060	257105	1
CP142632.1	257105	257108	0
CP142632.1	257108	257276	1
CP142632.1	257276	257284	0
CP142632.1	257284	257335	1
CP142632.1	257335	258818	0
CP142632.1	258818	258892	1
CP142632.1	258892	258910	2
CP142632.1	258910	259019	1
CP142632.1	259019	259020	0
CP142632.1	259020	259034	1
CP142632.1	259034	260993	0
CP142632.1	260993	261067	1
CP142632.1	261067	261480	0
CP142632.1	261480	261574	1
CP142632.1	261574	262640	0
CP142632.1	262640	262735	1
CP142632.1	262735	263580	0
CP142632.1	263580	263591	1
CP142632.1	263591	263594	0
CP142632.1	263594	263605	1
CP142632.1	263605	263608	0
CP142632.1	263608	263750	1
CP142632.1	263750	264579	0
CP142632.1	264579	264650	1
CP142632.1	264650	264735	0
CP142632.1	264735	264812	1
CP142632.1	264812	264959	0
CP142632.1	264959	264989	1
CP142632.1	264989	264990	0
CP142632.1	264990	264997	1
CP142632.1	264997	264998	0
CP142632.1	264998	265006	1
CP142632.1	265006	265007	0
CP142632.1	265007	265063	1
CP142632.1	265063	265406	0
CP142632.1	265406	265490	1
CP142632.1	265490	265491	0
CP142632.1	265491	265624	1
CP142632.1	265624	267696	0
CP142632.1	267696	267821	1
CP142632.1	267821	268678	0
CP142632.1	268678	268752	1
CP142632.1	268752	268755	0
CP142632.1	268755	268838	1
CP142632.1	268838	269506	0
CP142632.1	269506	269606	1
CP142632.1	269606	269607	0
CP142632.1	269607	269695	1
CP142632.1	269695	271407	0
CP142632.1	271407	271536	1
CP142632.1	271536	273819	0
CP142632.1	273819	273860	1
CP142632.1	273860	275061	0
CP142632.1	275061	275229	1
CP142632.1	275229	282784	0
CP142632.1	282784	282828	1
CP142632.1	282828	282831	0
CP142632.1	282831	282989	1
CP142632.1	282989	282990	0
CP142632.1	282990	283027	1
CP142632.1	283027	283610	0
CP142632.1	283610	283628	1
CP142632.1	283628	283629	0
CP142632.1	283629	283633	1
CP142632.1	283633	283653	2
CP142632.1	283653	283654	1
CP142632.1	283654	283656	2
CP142632.1	283656	283661	1
CP142632.1	283661	283671	2
CP142632.1	283671	283673	0
CP142632.1	283673	283695	2
CP142632.1	283695	283697	1
CP142632.1	283697	283716	2
CP142632.1	283716	283717	1
CP142632.1	283717	283730	2
CP142632.1	283730	283732	1
CP142632.1	283732	283737	2
CP142632.1	283737	283744	1
CP142632.1	283744	283747	0
CP142632.1	283747	283801	1
CP142632.1	283801	284369	0
CP142632.1	284369	284413	1
CP142632.1	284413	284423	0
CP142632.1	284423	284439	1
CP142632.1	284439	284444	0
CP142632.1	284444	284482	1
CP142632.1	284482	284483	0
CP142632.1	284483	284529	1
CP142632.1	284529	286536	0
CP142632.1	286536	286652	1
CP142632.1	286652	288049	0
CP142632.1	288049	288085	1
CP142632.1	288085	288087	0
CP142632.1	288087	288104	1
CP142632.1	288104	289894	0
CP142632.1	289894	289956	1
CP142632.1	289956	291481	0
CP142632.1	291481	291674	1
CP142632.1	291674	293679	0
CP142632.1	293679	293735	1
CP142632.1	293735	295815	0
CP142632.1	295815	295890	1
CP142632.1	295890	296558	0
CP142632.1	296558	296669	1
CP142632.1	296669	297041	0
CP142632.1	297041	297140	1
CP142632.1	297140	297141	0
CP142632.1	297141	297330	1
CP142632.1	297330	297783	0
CP142632.1	297783	297804	1
CP142632.1	297804	297807	0
CP142632.1	297807	297870	1
CP142632.1	297870	298469	0
CP142632.1	298469	298524	1
CP142632.1	298524	298551	2
CP142632.1	298551	298552	1
CP142632.1	298552	298569	2
CP142632.1	298569	298581	1
CP142632.1	298581	298875	0
CP142632.1	298875	298918	1
CP142632.1	298918	298934	0
CP142632.1	298934	298945	1
CP142632.1	298945	298946	0
CP142632.1	298946	298960	1
CP142632.1	298960	298962	0
CP142632.1	298962	298972	1
CP142632.1	298972	298975	0
CP142632.1	298975	299042	1
CP142632.1	299042	299050	0
CP142632.1	299050	299234	1
CP142632.1	299234	302386	0
CP142632.1	302386	302494	1
CP142632.1	302494	303021	0
CP142632.1	303021	303067	1
CP142632.1	303067	303579	0
CP142632.1	303579	303681	1
CP142632.1	303681	303684	0
CP142632.1	303684	303722	1
CP142632.1	303722	303723	0
CP142632.1	303723	303752	1
CP142632.1	303752	303927	0
CP142632.1	303927	303993	1
CP142632.1	303993	306083	0
CP142632.1	306083	306150	1
CP142632.1	306150	306423	0
CP142632.1	306423	306536	1
CP142632.1	306536	306587	0
CP142632.1	306587	306598	1
CP142632.1	306598	306652	2
CP142632.1	306652	306655	1
CP142632.1	306655	306728	2
CP142632.1	306728	306733	1
CP142632.1	306733	306738	2
CP142632.1	306738	306773	1
CP142632.1	306773	306793	2
CP142632.1	306793	306824	1
CP142632.1	306824	306825	0
CP142632.1	306825	306949	1
CP142632.1	306949	308553	0
CP142632.1	308553	308650	1
CP142632.1	308650	308798	0
CP142632.1	308798	308914	1
CP142632.1	308914	309038	0
CP142632.1	309038	309044	1
CP142632.1	309044	309045	0
CP142632.1	309045	309091	1
CP142632.1	309091	309110	2
CP142632.1	309110	309113	1
CP142632.1	309113	309130	2
CP142632.1	309130	309131	1
CP142632.1	309131	309137	2
CP142632.1	309137	309169	1
CP142632.1	309169	312338	0
CP142632.1	312338	312364	1
CP142632.1	312364	312366	0
CP142632.1	312366	312517	1
CP142632.1	312517	313834	0
CP142632.1	313834	313904	1
CP142632.1	313904	313946	0
CP142632.1	313946	314047	1
CP142632.1	314047	317794	0
CP142632.1	317794	317889	1
CP142632.1	317889	318425	0
CP142632.1	318425	318436	1
CP142632.1	318436	318439	0
CP142632.1	318439	318498	1
CP142632.1	318498	318532	0
CP142632.1	318532	318598	1
CP142632.1	318598	320333	0
CP142632.1	320333	320404	1
CP142632.1	320404	320524	0
CP142632.1	320524	320594	1
CP142632.1	320594	320615	2
CP142632.1	320615	320616	1
CP142632.1	320616	320622	2
CP142632.1	320622	320662	1
CP142632.1	320662	321004	0
CP142632.1	321004	321014	1
CP142632.1	321014	321015	0
CP142632.1	321015	321063	1
CP142632.1	321063	321357	0
CP142632.1	321357	321368	1
CP142632.1	321368	321369	0
CP142632.1	321369	321445	1
CP142632.1	321445	321708	0
CP142632.1	321708	321839	1
CP142632.1	321839	321840	0
CP142632.1	321840	321862	1
CP142632.1	321862	321863	0
CP142632.1	321863	321897	1
CP142632.1	321897	322424	0
CP142632.1	322424	322440	1
CP142632.1	322440	322443	2
CP142632.1	322443	322445	1
CP142632.1	322445	322496	2
CP142632.1	322496	322497	1
CP142632.1	322497	322506	2
CP142632.1	322506	322568	1
CP142632.1	322568	322569	2
CP142632.1	322569	322726	1
CP142632.1	322726	323554	0
CP142632.1	323554	323602	1
CP142632.1	323602	324236	0
CP142632.1	324236	324424	1
CP142632.1	324424	325238	0
CP142632.1	325238	325343	1
CP142632.1	325343	326036	0
CP142632.1	326036	326132	1
CP142632.1	326132	326532	0
CP142632.1	326532	326581	1
CP142632.1	326581	327126	0
CP142632.1	327126	327231	1
CP142632.1	327231	327320	0
CP142632.1	327320	327361	1
CP142632.1	327361	329201	0
CP142632.1	329201	329226	1
CP142632.1	329226	329229	0
CP142632.1	329229	329257	1
CP142632.1	329257	329258	0
CP142632.1	329258	329290	1
CP142632.1	329290	330051	0
CP142632.1	330051	330164	1
CP142632.1	330164	330166	0
CP142632.1	330166	330182	1
CP142632.1	330182	330186	0
CP142632.1	330186	330231	1
CP142632.1	330231	330232	0
CP142632.1	330232	330277	1
CP142632.1	330277	331652	0
CP142632.1	331652	331681	1
CP142632.1	331681	331687	0
CP142632.1	331687	331743	1
CP142632.1	331743	332358	0
CP142632.1	332358	332367	1
CP142632.1	332367	332368	0
CP142632.1	332368	332441	1
CP142632.1	332441	334117	0
CP142632.1	334117	334161	1
CP142632.1	334161	335211	0
CP142632.1	335211	335288	1
CP142632.1	335288	336127	0
CP142632.1	336127	336186	1
CP142632.1	336186	336643	0
CP142632.1	336643	336669	1
CP142632.1	336669	336671	0
CP142632.1	336671	336718	1
CP142632.1	336718	337039	0
CP142632.1	337039	337090	1
CP142632.1	337090	337092	0
CP142632.1	337092	337124	1
CP142632.1	337124	337272	0
CP142632.1	337272	337377	1
CP142632.1	337377	337842	0
CP142632.1	337842	337951	1
CP142632.1	337951	337952	0
CP142632.1	337952	337974	1
CP142632.1	337974	338069	0
CP142632.1	338069	338146	1
CP142632.1	338146	339065	0
CP142632.1	339065	339092	1
CP142632.1	339092	339095	0
CP142632.1	339095	339144	1
CP142632.1	339144	339264	0
CP142632.1	339264	339334	1
CP142632.1	339334	339800	0
CP142632.1	339800	339803	1
CP142632.1	339803	339804	0
CP142632.1	339804	339837	1
CP142632.1	339837	339840	0
CP142632.1	339840	339937	1
CP142632.1	339937	340880	0
CP142632.1	340880	340946	1
CP142632.1	340946	345367	0
CP142632.1	345367	345384	1
CP142632.1	345384	345386	0
CP142632.1	345386	345468	1
CP142632.1	345468	345469	0
CP142632.1	345469	345511	1
CP142632.1	345511	345512	0
CP142632.1	345512	345531	1
CP142632.1	345531	346853	0
CP142632.1	346853	347081	1
CP142632.1	347081	350067	0
CP142632.1	350067	350085	1
CP142632.1	350085	350087	0
CP142632.1	350087	350174	1
CP142632.1	350174	350280	0
CP142632.1	350280	350415	1
CP142632.1	350415	353531	0
CP142632.1	353531	353685	1
CP142632.1	353685	353686	0
CP142632.1	353686	353744	1
CP142632.1	353744	353794	0
CP142632.1	353794	353879	1
CP142632.1	353879	354557	0
CP142632.1	354557	354672	1
CP142632.1	354672	355249	0
CP142632.1	355249	355291	1
CP142632.1	355291	355597	0
CP142632.1	355597	355705	1
CP142632.1	355705	355706	0
CP142632.1	355706	355749	1
CP142632.1	355749	356998	0
CP142632.1	356998	357041	1
CP142632.1	357041	357042	0
CP142632.1	357042	357049	1
CP142632.1	357049	357101	2
CP142632.1	357101	357126	1
CP142632.1	357126	357269	0
CP142632.1	357269	357343	1
CP142632.1	357343	357344	0
CP142632.1	357344	357382	1
CP142632.1	357382	357836	0
CP142632.1	357836	357876	1
CP142632.1	357876	358616	0
CP142632.1	358616	358670	1
CP142632.1	358670	358946	0
CP142632.1	358946	359087	1
CP142632.1	359087	359472	0
CP142632.1	359472	359532	1
CP142632.1	359532	361515	0
CP142632.1	361515	361552	1
CP142632.1	361552	361553	0
CP142632.1	361553	361636	1
CP142632.1	361636	361639	0
CP142632.1	361639	361664	1
CP142632.1	361664	363223	0
CP142632.1	363223	363246	1
CP142632.1	363246	363248	2
CP142632.1	363248	363261	1
CP142632.1	363261	363291	2
CP142632.1	363291	363309	1
CP142632.1	363309	363354	2
CP142632.1	363354	363423	1
CP142632.1	363423	364385	0
CP142632.1	364385	364433	1
CP142632.1	364433	364847	0
CP142632.1	364847	365002	1
CP142632.1	365002	365007	0
CP142632.1	365007	365039	1
CP142632.1	365039	365210	0
CP142632.1	365210	365313	1
CP142632.1	365313	365316	0
CP142632.1	365316	365357	1
CP142632.1	365357	366200	0
CP142632.1	366200	366314	1
CP142632.1	366314	366375	0
CP142632.1	366375	366432	1
CP142632.1	366432	368797	0
CP142632.1	368797	368858	1
CP142632.1	368858	373078	0
CP142632.1	373078	373156	1
CP142632.1	373156	373573	0
CP142632.1	373573	373742	1
CP142632.1	373742	376591	0
CP142632.1	376591	376607	1
CP142632.1	376607	376608	0
CP142632.1	376608	376634	1
CP142632.1	376634	376640	0
CP142632.1	376640	376654	1
CP142632.1	376654	376986	0
CP142632.1	376986	377056	1
CP142632.1	377056	378992	0
CP142632.1	378992	379002	1
CP142632.1	379002	379003	0
CP142632.1	379003	379019	1
CP142632.1	379019	379020	0
CP142632.1	379020	379068	1
CP142632.1	379068	379069	0
CP142632.1	379069	379122	1
CP142632.1	379122	379398	0
CP142632.1	379398	379505	1
CP142632.1	379505	380234	0
CP142632.1	380234	380313	1
CP142632.1	380313	380314	0
CP142632.1	380314	380400	1
CP142632.1	380400	380980	0
CP142632.1	380980	381018	1
CP142632.1	381018	381021	0
CP142632.1	381021	381048	1
CP142632.1	381048	381050	0
CP142632.1	381050	381150	1
CP142632.1	381150	381344	0
CP142632.1	381344	381354	1
CP142632.1	381354	381356	0
CP142632.1	381356	381414	1
CP142632.1	381414	381415	0
CP142632.1	381415	381439	1
CP142632.1	381439	384156	0
CP142632.1	384156	384229	1
CP142632.1	384229	387019	0
CP142632.1	387019	387130	1
CP142632.1	387130	387132	0
CP142632.1	387132	387191	1
CP142632.1	387191	387192	0
CP142632.1	387192	387274	1
CP142632.1	387274	388018	0
CP142632.1	388018	388085	1
CP142632.1	388085	388290	0
CP142632.1	388290	388481	1
CP142632.1	388481	388483	0
CP142632.1	388483	388595	1
CP142632.1	388595	388596	0
CP142632.1	388596	388607	1
CP142632.1	388607	388608	0
CP142632.1	388608	388623	1
CP142632.1	388623	390173	0
CP142632.1	390173	390217	1
CP142632.1	390217	390218	0
CP142632.1	390218	390251	1
CP142632.1	390251	390713	0
CP142632.1	390713	390773	1
CP142632.1	390773	390873	0
CP142632.1	390873	390889	1
CP142632.1	390889	390890	0
CP142632.1	390890	390922	1
CP142632.1	390922	390923	0
CP142632.1	390923	391003	1
CP142632.1	391003	392921	0
CP142632.1	392921	392963	1
CP142632.1	392963	392965	0
CP142632.1	392965	392993	1
CP142632.1	392993	393115	0
CP142632.1	393115	393145	1
CP142632.1	393145	393148	0
CP142632.1	393148	393184	1
CP142632.1	393184	393187	0
CP142632.1	393187	393226	1
CP142632.1	393226	393681	0
CP142632.1	393681	393682	1
CP142632.1	393682	393790	2
CP142632.1	393790	393793	1
CP142632.1	393793	393817	2
CP142632.1	393817	393818	1
CP142632.1	393818	393846	2
CP142632.1	393846	393862	1
CP142632.1	393862	393865	0
CP142632.1	393865	393900	1
CP142632.1	393900	394517	0
CP142632.1	394517	394522	1
CP142632.1	394522	394531	2
CP142632.1	394531	394532	1
CP142632.1	394532	394623	2
CP142632.1	394623	394625	1
CP142632.1	394625	394662	2
CP142632.1	394662	394665	1
CP142632.1	394665	394799	0
CP142632.1	394799	394806	1
CP142632.1	394806	394808	2
CP142632.1	394808	394809	1
CP142632.1	394809	394830	2
CP142632.1	394830	394851	3
CP142632.1	394851	394852	2
CP142632.1	394852	394884	3
CP142632.1	394884	394941	2
CP142632.1	394941	394997	1
CP142632.1	394997	395411	0
CP142632.1	395411	395482	1
CP142632.1	395482	395484	0
CP142632.1	395484	395488	1
CP142632.1	395488	395489	0
CP142632.1	395489	395505	1
CP142632.1	395505	396183	0
CP142632.1	396183	396202	1
CP142632.1	396202	396276	2
CP142632.1	396276	396281	1
CP142632.1	396281	396286	2
CP142632.1	396286	396341	1
CP142632.1	396341	396343	0
CP142632.1	396343	396377	1
CP142632.1	396377	396737	0
CP142632.1	396737	396837	1
CP142632.1	396837	399822	0
CP142632.1	399822	399947	1
CP142632.1	399947	400024	0
CP142632.1	400024	400047	1
CP142632.1	400047	400048	0
CP142632.1	400048	400087	1
CP142632.1	400087	402422	0
CP142632.1	402422	402454	1
CP142632.1	402454	402455	0
CP142632.1	402455	402550	1
CP142632.1	402550	402600	0
CP142632.1	402600	402675	1
CP142632.1	402675	403879	0
CP142632.1	403879	403931	1
CP142632.1	403931	404027	2
CP142632.1	404027	404166	1
CP142632.1	404166	404180	0
CP142632.1	404180	404264	1
CP142632.1	404264	404275	2
CP142632.1	404275	404286	1
CP142632.1	404286	404292	0
CP142632.1	404292	404359	1
CP142632.1	404359	404611	0
CP142632.1	404611	404676	1
CP142632.1	404676	404861	0
CP142632.1	404861	404931	1
CP142632.1	404931	407528	0
CP142632.1	407528	407633	1
CP142632.1	407633	407890	0
CP142632.1	407890	407947	1
CP142632.1	407947	409709	0
CP142632.1	409709	409788	1
CP142632.1	409788	412627	0
CP142632.1	412627	412699	1
CP142632.1	412699	412766	0
CP142632.1	412766	412823	1
CP142632.1	412823	414337	0
CP142632.1	414337	414468	1
CP142632.1	414468	414605	0
CP142632.1	414605	414743	1
CP142632.1	414743	415795	0
CP142632.1	415795	415822	1
CP142632.1	415822	415826	2
CP142632.1	415826	415872	3
CP142632.1	415872	415906	2
CP142632.1	415906	415914	1
CP142632.1	415914	415996	0
CP142632.1	415996	416111	1
CP142632.1	416111	416458	0
CP142632.1	416458	416600	1
CP142632.1	416600	417092	0
CP142632.1	417092	417131	1
CP142632.1	417131	419256	0
CP142632.1	419256	419388	1
CP142632.1	419388	419391	0
CP142632.1	419391	419404	1
CP142632.1	419404	419407	0
CP142632.1	419407	419418	1
CP142632.1	419418	419886	0
CP142632.1	419886	419961	1
CP142632.1	419961	421311	0
CP142632.1	421311	421343	1
CP142632.1	421343	421364	2
CP142632.1	421364	421366	1
CP142632.1	421366	421382	2
CP142632.1	421382	421385	1
CP142632.1	421385	421408	2
CP142632.1	421408	421434	1
CP142632.1	421434	421664	0
CP142632.1	421664	421670	1
CP142632.1	421670	421691	2
CP142632.1	421691	421692	0
CP142632.1	421692	421694	1
CP142632.1	421694	421742	2
CP142632.1	421742	421751	1
CP142632.1	421751	421757	0
CP142632.1	421757	421796	1
CP142632.1	421796	422894	0
CP142632.1	422894	422896	1
CP142632.1	422896	422910	2
CP142632.1	422910	422911	1
CP142632.1	422911	422965	2
CP142632.1	422965	423011	1
CP142632.1	423011	423485	0
CP142632.1	423485	423577	1
CP142632.1	423577	423863	0
CP142632.1	423863	423936	1
CP142632.1	423936	424401	0
CP142632.1	424401	424447	1
CP142632.1	424447	424450	0
CP142632.1	424450	424534	1
CP142632.1	424534	424539	0
CP142632.1	424539	424625	1
CP142632.1	424625	424626	0
CP142632.1	424626	424681	1
CP142632.1	424681	424901	0
CP142632.1	424901	425041	1
CP142632.1	425041	425875	0
CP142632.1	425875	425901	1
CP142632.1	425901	425925	2
CP142632.1	425925	425926	1
CP142632.1	425926	425972	2
CP142632.1	425972	425973	1
CP142632.1	425973	425994	0
CP142632.1	425994	426066	1
CP142632.1	426066	427734	0
CP142632.1	427734	427769	1
CP142632.1	427769	427770	0
CP142632.1	427770	427814	1
CP142632.1	427814	428777	0
CP142632.1	428777	428859	1
CP142632.1	428859	430706	0
CP142632.1	430706	430767	1
CP142632.1	430767	430771	0
CP142632.1	430771	430861	1
CP142632.1	430861	431033	0
CP142632.1	431033	431173	1
CP142632.1	431173	431175	0
CP142632.1	431175	431202	1
CP142632.1	431202	432327	0
CP142632.1	432327	432391	1
CP142632.1	432391	432416	0
CP142632.1	432416	432476	1
CP142632.1	432476	432477	0
CP142632.1	432477	432538	1
CP142632.1	432538	434835	0
CP142632.1	434835	434911	1
CP142632.1	434911	435227	0
CP142632.1	435227	435273	1
CP142632.1	435273	435274	0
CP142632.1	435274	435338	1
CP142632.1	435338	437264	0
CP142632.1	437264	437300	1
CP142632.1	437300	437329	2
CP142632.1	437329	437442	1
CP142632.1	437442	439671	0
CP142632.1	439671	439731	1
CP142632.1	439731	440678	0
CP142632.1	440678	440763	1
CP142632.1	440763	441161	0
CP142632.1	441161	441231	1
CP142632.1	441231	441298	0
CP142632.1	441298	441332	1
CP142632.1	441332	441333	0
CP142632.1	441333	441352	1
CP142632.1	441352	441401	2
CP142632.1	441401	441403	1
CP142632.1	441403	441610	0
CP142632.1	441610	441615	1
CP142632.1	441615	441616	0
CP142632.1	441616	441728	1
CP142632.1	441728	441884	0
CP142632.1	441884	441949	1
CP142632.1	441949	441950	0
CP142632.1	441950	441954	1
CP142632.1	441954	442077	0
CP142632.1	442077	442125	1
CP142632.1	442125	442126	0
CP142632.1	442126	442163	1
CP142632.1	442163	442189	0
CP142632.1	442189	442216	1
CP142632.1	442216	442217	0
CP142632.1	442217	442247	1
CP142632.1	442247	442248	0
CP142632.1	442248	442460	1
CP142632.1	442460	444387	0
CP142632.1	444387	444469	1
CP142632.1	444469	445190	0
CP142632.1	445190	445259	1
CP142632.1	445259	445260	0
CP142632.1	445260	445300	1
CP142632.1	445300	445884	0
CP142632.1	445884	445971	1
CP142632.1	445971	446007	2
CP142632.1	446007	446009	1
CP142632.1	446009	446012	2
CP142632.1	446012	446137	1
CP142632.1	446137	446430	0
CP142632.1	446430	446551	1
CP142632.1	446551	448761	0
CP142632.1	448761	448794	1
CP142632.1	448794	448795	0
CP142632.1	448795	448844	1
CP142632.1	448844	450217	0
CP142632.1	450217	450356	1
CP142632.1	450356	451216	0
CP142632.1	451216	451306	1
CP142632.1	451306	451417	0
CP142632.1	451417	451440	1
CP142632.1	451440	451441	0
CP142632.1	451441	451530	1
CP142632.1	451530	452726	0
CP142632.1	452726	452922	1
CP142632.1	452922	454867	0
CP142632.1	454867	454923	1
CP142632.1	454923	459095	0
CP142632.1	459095	459140	1
CP142632.1	459140	459143	0
CP142632.1	459143	459213	1
CP142632.1	459213	460090	0
CP142632.1	460090	460172	1
CP142632.1	460172	460229	0
CP142632.1	460229	460309	1
CP142632.1	460309	460314	0
CP142632.1	460314	460435	1
CP142632.1	460435	460809	0
CP142632.1	460809	460963	1
CP142632.1	460963	461660	0
CP142632.1	461660	461710	1
CP142632.1	461710	461711	0
CP142632.1	461711	461788	1
CP142632.1	461788	461789	0
CP142632.1	461789	461833	1
CP142632.1	461833	461835	0
CP142632.1	461835	461863	1
CP142632.1	461863	461920	0
CP142632.1	461920	461992	1
CP142632.1	461992	463688	0
CP142632.1	463688	463784	1
CP142632.1	463784	464034	0
CP142632.1	464034	464134	1
CP142632.1	464134	464149	0
CP142632.1	464149	464218	1
CP142632.1	464218	466048	0
CP142632.1	466048	466176	1
CP142632.1	466176	466183	0
CP142632.1	466183	466274	1
CP142632.1	466274	466276	0
CP142632.1	466276	466284	1
CP142632.1	466284	466287	0
CP142632.1	466287	466388	1
CP142632.1	466388	466822	0
CP142632.1	466822	466887	1
CP142632.1	466887	467590	0
CP142632.1	467590	467626	1
CP142632.1	467626	467928	0
CP142632.1	467928	467948	1
CP142632.1	467948	467950	0
CP142632.1	467950	468004	1
CP142632.1	468004	468005	0
CP142632.1	468005	468010	1
CP142632.1	468010	468336	0
CP142632.1	468336	468365	1
CP142632.1	468365	468368	0
CP142632.1	468368	468436	2
CP142632.1	468436	468455	1
CP142632.1	468455	468457	0
CP142632.1	468457	468531	1
CP142632.1	468531	469368	0
CP142632.1	469368	469397	1
CP142632.1	469397	469400	0
CP142632.1	469400	469417	1
CP142632.1	469417	469418	0
CP142632.1	469418	469464	1
CP142632.1	469464	469471	0
CP142632.1	469471	469499	1
CP142632.1	469499	470057	0
CP142632.1	470057	470077	1
CP142632.1	470077	470078	0
CP142632.1	470078	470135	1
CP142632.1	470135	474028	0
CP142632.1	474028	474206	1
CP142632.1	474206	474210	0
CP142632.1	474210	474260	1
CP142632.1	474260	474267	0
CP142632.1	474267	474291	1
CP142632.1	474291	478394	0
CP142632.1	478394	478518	1
CP142632.1	478518	478520	0
CP142632.1	478520	478537	1
CP142632.1	478537	478540	0
CP142632.1	478540	478558	1
CP142632.1	478558	478794	0
CP142632.1	478794	478876	1
CP142632.1	478876	482567	0
CP142632.1	482567	482670	1
CP142632.1	482670	482681	0
CP142632.1	482681	482801	1
CP142632.1	482801	482802	0
CP142632.1	482802	482835	1
CP142632.1	482835	482973	0
CP142632.1	482973	483041	1
CP142632.1	483041	483159	0
CP142632.1	483159	483295	1
CP142632.1	483295	483788	0
CP142632.1	483788	483856	1
CP142632.1	483856	484267	0
CP142632.1	484267	484371	1
CP142632.1	484371	486661	0
CP142632.1	486661	486713	1
CP142632.1	486713	487381	0
CP142632.1	487381	487608	1
CP142632.1	487608	488698	0
CP142632.1	488698	488848	1
CP142632.1	488848	489323	0
CP142632.1	489323	489394	1
CP142632.1	489394	490598	0
CP142632.1	490598	490712	1
CP142632.1	490712	492445	0
CP142632.1	492445	492532	1
CP142632.1	492532	493000	0
CP142632.1	493000	493061	1
CP142632.1	493061	495947	0
CP142632.1	495947	496057	1
CP142632.1	496057	496058	0
CP142632.1	496058	496103	1
CP142632.1	496103	496380	0
CP142632.1	496380	496422	1
CP142632.1	496422	497986	0
CP142632.1	497986	498206	1
CP142632.1	498206	498207	0
CP142632.1	498207	498256	1
CP142632.1	498256	498486	0
CP142632.1	498486	498543	1
CP142632.1	498543	498546	0
CP142632.1	498546	498595	1
CP142632.1	498595	500114	0
CP142632.1	500114	500159	1
CP142632.1	500159	500161	0
CP142632.1	500161	500217	1
CP142632.1	500217	500819	0
CP142632.1	500819	500848	1
CP142632.1	500848	500851	0
CP142632.1	500851	500951	1
CP142632.1	500951	502138	0
CP142632.1	502138	502209	1
CP142632.1	502209	502961	0
CP142632.1	502961	503048	1
CP142632.1	503048	504387	0
CP142632.1	504387	504402	1
CP142632.1	504402	504405	0
CP142632.1	504405	504415	1
CP142632.1	504415	504419	0
CP142632.1	504419	504478	1
CP142632.1	504478	504482	2
CP142632.1	504482	504519	1
CP142632.1	504519	506449	0
CP142632.1	506449	506528	1
CP142632.1	506528	506570	0
CP142632.1	506570	506663	1
CP142632.1	506663	507080	0
CP142632.1	507080	507162	1
CP142632.1	507162	508398	0
CP142632.1	508398	508487	1
CP142632.1	508487	508497	0
CP142632.1	508497	508522	1
CP142632.1	508522	508523	0
CP142632.1	508523	508548	1
CP142632.1	508548	508549	0
CP142632.1	508549	508728	1
CP142632.1	508728	508730	0
CP142632.1	508730	508747	1
CP142632.1	508747	508754	0
CP142632.1	508754	508807	1
CP142632.1	508807	509944	0
CP142632.1	509944	510007	1
CP142632.1	510007	510612	0
CP142632.1	510612	510662	1
CP142632.1	510662	510663	0
CP142632.1	510663	510792	1
CP142632.1	510792	511989	0
CP142632.1	511989	512018	1
CP142632.1	512018	512019	0
CP142632.1	512019	512121	1
CP142632.1	512121	515994	0
CP142632.1	515994	516065	1
CP142632.1	516065	516521	0
CP142632.1	516521	516652	1
CP142632.1	516652	516653	0
CP142632.1	516653	516693	1
CP142632.1	516693	516697	0
CP142632.1	516697	516774	1
CP142632.1	516774	518719	0
CP142632.1	518719	518778	1
CP142632.1	518778	518781	0
CP142632.1	518781	518799	1
CP142632.1	518799	519156	0
CP142632.1	519156	519165	1
CP142632.1	519165	519169	0
CP142632.1	519169	519300	1
CP142632.1	519300	520774	0
CP142632.1	520774	520822	1
CP142632.1	520822	521446	0
CP142632.1	521446	521548	1
CP142632.1	521548	522595	0
CP142632.1	522595	522624	1
CP142632.1	522624	522691	2
CP142632.1	522691	522732	1
CP142632.1	522732	524524	0
CP142632.1	524524	524597	1
CP142632.1	524597	525004	0
CP142632.1	525004	525143	1
CP142632.1	525143	525158	0
CP142632.1	525158	525209	1
CP142632.1	525209	525478	0
CP142632.1	525478	525489	1
CP142632.1	525489	525492	0
CP142632.1	525492	525569	1
CP142632.1	525569	525570	0
CP142632.1	525570	525584	1
CP142632.1	525584	527797	0
CP142632.1	527797	527849	1
CP142632.1	527849	528686	0
CP142632.1	528686	528695	1
CP142632.1	528695	528696	0
CP142632.1	528696	528819	1
CP142632.1	528819	529937	0
CP142632.1	529937	529963	1
CP142632.1	529963	529964	0
CP142632.1	529964	530065	1
CP142632.1	530065	530071	0
CP142632.1	530071	530107	1
CP142632.1	530107	530110	0
CP142632.1	530110	530221	1
CP142632.1	530221	531740	0
CP142632.1	531740	531884	1
CP142632.1	531884	532440	0
CP142632.1	532440	532475	1
CP142632.1	532475	532476	0
CP142632.1	532476	532684	1
CP142632.1	532684	532709	0
CP142632.1	532709	532811	1
CP142632.1	532811	534692	0
CP142632.1	534692	534715	1
CP142632.1	534715	534718	0
CP142632.1	534718	534784	1
CP142632.1	534784	534879	0
CP142632.1	534879	534906	1
CP142632.1	534906	534907	0
CP142632.1	534907	535004	1
CP142632.1	535004	535005	0
CP142632.1	535005	535023	1
CP142632.1	535023	535025	0
CP142632.1	535025	535071	1
CP142632.1	535071	535665	0
CP142632.1	535665	535697	1
CP142632.1	535697	535828	2
CP142632.1	535828	535831	0
CP142632.1	535831	535834	1
CP142632.1	535834	535846	2
CP142632.1	535846	535885	1
CP142632.1	535885	537628	0
CP142632.1	537628	537676	1
CP142632.1	537676	539012	0
CP142632.1	539012	539073	1
CP142632.1	539073	540947	0
CP142632.1	540947	541098	1
CP142632.1	541098	541524	0
CP142632.1	541524	541557	1
CP142632.1	541557	541560	0
CP142632.1	541560	541675	1
CP142632.1	541675	542574	0
CP142632.1	542574	542778	1
CP142632.1	542778	543455	0
CP142632.1	543455	543483	1
CP142632.1	543483	543484	0
CP142632.1	543484	543532	1
CP142632.1	543532	545460	0
CP142632.1	545460	545543	1
CP142632.1	545543	545671	0
CP142632.1	545671	545727	1
CP142632.1	545727	546664	0
CP142632.1	546664	546841	1
CP142632.1	546841	549081	0
CP142632.1	549081	549297	1
CP142632.1	549297	552179	0
CP142632.1	552179	552287	1
CP142632.1	552287	552442	0
CP142632.1	552442	552492	1
CP142632.1	552492	553533	0
CP142632.1	553533	553600	1
CP142632.1	553600	553753	0
CP142632.1	553753	553867	1
CP142632.1	553867	553868	0
CP142632.1	553868	553938	1
CP142632.1	553938	554006	0
CP142632.1	554006	554068	1
CP142632.1	554068	554069	0
CP142632.1	554069	554147	1
CP142632.1	554147	555241	0
CP142632.1	555241	555300	1
CP142632.1	555300	555931	0
CP142632.1	555931	556010	1
CP142632.1	556010	556242	0
CP142632.1	556242	556278	1
CP142632.1	556278	556455	0
CP142632.1	556455	556477	1
CP142632.1	556477	556478	0
CP142632.1	556478	556527	1
CP142632.1	556527	559023	0
CP142632.1	559023	559036	1
CP142632.1	559036	559037	0
CP142632.1	559037	559085	1
CP142632.1	559085	559091	0
CP142632.1	559091	559131	1
CP142632.1	559131	559136	0
CP142632.1	559136	559213	1
CP142632.1	559213	559566	0
CP142632.1	559566	559600	1
CP142632.1	559600	559602	0
CP142632.1	559602	559669	1
CP142632.1	559669	559758	0
CP142632.1	559758	559784	1
CP142632.1	559784	559788	0
CP142632.1	559788	559883	1
CP142632.1	559883	560742	0
CP142632.1	560742	560918	1
CP142632.1	560918	560922	0
CP142632.1	560922	560958	1
CP142632.1	560958	561915	0
CP142632.1	561915	562030	1
CP142632.1	562030	562072	0
CP142632.1	562072	562211	1
CP142632.1	562211	562464	0
CP142632.1	562464	562553	1
CP142632.1	562553	562555	0
CP142632.1	562555	562604	1
CP142632.1	562604	562605	0
CP142632.1	562605	562636	1
CP142632.1	562636	563273	0
CP142632.1	563273	563357	1
CP142632.1	563357	563360	0
CP142632.1	563360	563432	1
CP142632.1	563432	565154	0
CP142632.1	565154	565206	1
CP142632.1	565206	565207	0
CP142632.1	565207	565238	1
CP142632.1	565238	565243	0
CP142632.1	565243	565307	1
CP142632.1	565307	565772	0
CP142632.1	565772	565898	1
CP142632.1	565898	566110	0
CP142632.1	566110	566212	1
CP142632.1	566212	567772	0
CP142632.1	567772	567836	1
CP142632.1	567836	567838	0
CP142632.1	567838	567920	1
CP142632.1	567920	569989	0
CP142632.1	569989	570055	1
CP142632.1	570055	573405	0
CP142632.1	573405	573443	1
CP142632.1	573443	573446	0
CP142632.1	573446	573509	1
CP142632.1	573509	574162	0
CP142632.1	574162	574176	1
CP142632.1	574176	574182	0
CP142632.1	574182	574217	1
CP142632.1	574217	576210	0
CP142632.1	576210	576247	1
CP142632.1	576247	576248	0
CP142632.1	576248	576275	1
CP142632.1	576275	576276	0
CP142632.1	576276	576304	1
CP142632.1	576304	576451	0
CP142632.1	576451	576464	1
CP142632.1	576464	576476	2
CP142632.1	576476	576477	1
CP142632.1	576477	576518	2
CP142632.1	576518	576521	0
CP142632.1	576521	576543	2
CP142632.1	576543	576545	1
CP142632.1	576545	576891	0
CP142632.1	576891	576960	1
CP142632.1	576960	581884	0
CP142632.1	581884	581992	1
CP142632.1	581992	582951	0
CP142632.1	582951	582985	1
CP142632.1	582985	582987	0
CP142632.1	582987	582996	1
CP142632.1	582996	583006	2
CP142632.1	583006	583007	1
CP142632.1	583007	583015	2
CP142632.1	583015	583024	1
CP142632.1	583024	583032	2
CP142632.1	583032	583033	1
CP142632.1	583033	583082	2
CP142632.1	583082	583083	1
CP142632.1	583083	583091	2
CP142632.1	583091	583096	1
CP142632.1	583096	583109	2
CP142632.1	583109	583145	1
CP142632.1	583145	583774	0
CP142632.1	583774	583832	1
CP142632.1	583832	583833	0
CP142632.1	583833	583875	1
CP142632.1	583875	584283	0
CP142632.1	584283	584365	1
CP142632.1	584365	586831	0
CP142632.1	586831	586939	1
CP142632.1	586939	586940	0
CP142632.1	586940	586962	1
CP142632.1	586962	586965	0
CP142632.1	586965	587075	1
CP142632.1	587075	587158	0
CP142632.1	587158	587220	1
CP142632.1	587220	588892	0
CP142632.1	588892	588945	1
CP142632.1	588945	588986	2
CP142632.1	588986	588987	1
CP142632.1	588987	588998	2
CP142632.1	588998	589089	1
CP142632.1	589089	589090	0
CP142632.1	589090	589151	1
CP142632.1	589151	589943	0
CP142632.1	589943	590002	1
CP142632.1	590002	590003	0
CP142632.1	590003	590037	1
CP142632.1	590037	590040	0
CP142632.1	590040	590092	1
CP142632.1	590092	590705	0
CP142632.1	590705	590785	1
CP142632.1	590785	592679	0
CP142632.1	592679	592726	1
CP142632.1	592726	592727	0
CP142632.1	592727	592758	1
CP142632.1	592758	592768	2
CP142632.1	592768	592769	1
CP142632.1	592769	592839	2
CP142632.1	592839	592845	1
CP142632.1	592845	592929	0
CP142632.1	592929	593048	1
CP142632.1	593048	593382	0
CP142632.1	593382	593412	1
CP142632.1	593412	593414	0
CP142632.1	593414	593470	1
CP142632.1	593470	593471	0
CP142632.1	593471	593486	1
CP142632.1	593486	594100	0
CP142632.1	594100	594202	1
CP142632.1	594202	594369	0
CP142632.1	594369	594424	1
CP142632.1	594424	594425	0
CP142632.1	594425	594518	1
CP142632.1	594518	595832	0
CP142632.1	595832	595851	1
CP142632.1	595851	595852	0
CP142632.1	595852	595875	1
CP142632.1	595875	597023	0
CP142632.1	597023	597081	1
CP142632.1	597081	597192	0
CP142632.1	597192	597327	1
CP142632.1	597327	597479	0
CP142632.1	597479	597529	1
CP142632.1	597529	597530	0
CP142632.1	597530	597554	1
CP142632.1	597554	600600	0
CP142632.1	600600	600679	1
CP142632.1	600679	600682	0
CP142632.1	600682	600744	1
CP142632.1	600744	603523	0
CP142632.1	603523	603550	1
CP142632.1	603550	603553	0
CP142632.1	603553	603612	1
CP142632.1	603612	604600	0
CP142632.1	604600	604706	1
CP142632.1	604706	604715	0
CP142632.1	604715	604767	1
CP142632.1	604767	604993	0
CP142632.1	604993	605032	1
CP142632.1	605032	605034	0
CP142632.1	605034	605095	1
CP142632.1	605095	605684	0
CP142632.1	605684	605889	1
CP142632.1	605889	607602	0
CP142632.1	607602	607665	1
CP142632.1	607665	607666	0
CP142632.1	607666	607682	1
CP142632.1	607682	609819	0
CP142632.1	609819	609871	1
CP142632.1	609871	610048	0
CP142632.1	610048	610138	1
CP142632.1	610138	612713	0
CP142632.1	612713	612819	1
CP142632.1	612819	612926	0
CP142632.1	612926	612969	1
CP142632.1	612969	612970	0
CP142632.1	612970	612996	1
CP142632.1	612996	613933	0
