CP142610.1	0	5827	0
CP142610.1	5827	5897	1
CP142610.1	5897	6000	0
CP142610.1	6000	6265	1
CP142610.1	6265	6396	0
CP142610.1	6396	6423	1
CP142610.1	6423	6452	2
CP142610.1	6452	6454	1
CP142610.1	6454	6507	2
CP142610.1	6507	6510	1
CP142610.1	6510	6752	0
CP142610.1	6752	6887	1
CP142610.1	6887	9574	0
CP142610.1	9574	9627	1
CP142610.1	9627	10409	0
CP142610.1	10409	10430	1
CP142610.1	10430	10431	0
CP142610.1	10431	10504	1
CP142610.1	10504	12008	0
CP142610.1	12008	12104	1
CP142610.1	12104	12828	0
CP142610.1	12828	12860	1
CP142610.1	12860	12861	0
CP142610.1	12861	12902	1
CP142610.1	12902	12937	2
CP142610.1	12937	13004	1
CP142610.1	13004	13497	0
CP142610.1	13497	13544	1
CP142610.1	13544	14727	0
CP142610.1	14727	14748	1
CP142610.1	14748	14751	0
CP142610.1	14751	14808	1
CP142610.1	14808	14849	2
CP142610.1	14849	14852	1
CP142610.1	14852	15436	0
CP142610.1	15436	15513	1
CP142610.1	15513	17374	0
CP142610.1	17374	17491	1
CP142610.1	17491	17980	0
CP142610.1	17980	18017	1
CP142610.1	18017	18456	0
CP142610.1	18456	18497	1
CP142610.1	18497	20497	0
CP142610.1	20497	20598	1
CP142610.1	20598	22212	0
CP142610.1	22212	22300	1
CP142610.1	22300	22894	0
CP142610.1	22894	22958	1
CP142610.1	22958	24344	0
CP142610.1	24344	24403	1
CP142610.1	24403	26458	0
CP142610.1	26458	26513	1
CP142610.1	26513	28514	0
CP142610.1	28514	28628	1
CP142610.1	28628	29204	0
CP142610.1	29204	29293	1
CP142610.1	29293	29295	0
CP142610.1	29295	29335	1
CP142610.1	29335	29446	0
CP142610.1	29446	29471	1
CP142610.1	29471	29473	0
CP142610.1	29473	29481	1
CP142610.1	29481	29519	2
CP142610.1	29519	29522	0
CP142610.1	29522	29532	2
CP142610.1	29532	29533	1
CP142610.1	29533	29633	2
CP142610.1	29633	29768	1
CP142610.1	29768	30408	0
CP142610.1	30408	30457	1
CP142610.1	30457	30474	2
CP142610.1	30474	30475	1
CP142610.1	30475	30545	2
CP142610.1	30545	30551	1
CP142610.1	30551	33099	0
CP142610.1	33099	33155	1
CP142610.1	33155	33160	0
CP142610.1	33160	33176	1
CP142610.1	33176	34617	0
CP142610.1	34617	34727	1
CP142610.1	34727	35160	0
CP142610.1	35160	35275	1
CP142610.1	35275	36722	0
CP142610.1	36722	36730	1
CP142610.1	36730	36734	0
CP142610.1	36734	36833	1
CP142610.1	36833	36834	0
CP142610.1	36834	36848	1
CP142610.1	36848	37455	0
CP142610.1	37455	37557	1
CP142610.1	37557	46095	0
CP142610.1	46095	46155	1
CP142610.1	46155	46322	0
CP142610.1	46322	46331	1
CP142610.1	46331	46332	0
CP142610.1	46332	46374	1
CP142610.1	46374	47914	0
CP142610.1	47914	48020	1
CP142610.1	48020	48021	0
CP142610.1	48021	48053	1
CP142610.1	48053	50494	0
CP142610.1	50494	50522	1
CP142610.1	50522	50523	0
CP142610.1	50523	50600	1
CP142610.1	50600	50658	0
CP142610.1	50658	50778	1
CP142610.1	50778	52872	0
CP142610.1	52872	52932	1
CP142610.1	52932	52935	0
CP142610.1	52935	52986	1
CP142610.1	52986	52987	0
CP142610.1	52987	53083	1
CP142610.1	53083	54169	0
CP142610.1	54169	54224	1
CP142610.1	54224	58566	0
CP142610.1	58566	58591	1
CP142610.1	58591	58592	0
CP142610.1	58592	58636	1
CP142610.1	58636	59731	0
CP142610.1	59731	59750	1
CP142610.1	59750	59751	0
CP142610.1	59751	59814	1
CP142610.1	59814	62172	0
CP142610.1	62172	62255	1
CP142610.1	62255	63113	0
CP142610.1	63113	63180	1
CP142610.1	63180	63407	0
CP142610.1	63407	63461	1
CP142610.1	63461	64794	0
CP142610.1	64794	64852	1
CP142610.1	64852	65804	0
CP142610.1	65804	65909	1
CP142610.1	65909	68008	0
CP142610.1	68008	68047	1
CP142610.1	68047	68048	0
CP142610.1	68048	68063	1
CP142610.1	68063	68396	0
CP142610.1	68396	68440	1
CP142610.1	68440	71607	0
CP142610.1	71607	71709	1
CP142610.1	71709	71711	0
CP142610.1	71711	71775	1
CP142610.1	71775	75869	0
CP142610.1	75869	75919	1
CP142610.1	75919	75994	2
CP142610.1	75994	76054	1
CP142610.1	76054	76057	0
CP142610.1	76057	76120	1
CP142610.1	76120	78374	0
CP142610.1	78374	78414	1
CP142610.1	78414	78415	0
CP142610.1	78415	78430	1
CP142610.1	78430	78539	2
CP142610.1	78539	78542	1
CP142610.1	78542	78543	2
CP142610.1	78543	78570	1
CP142610.1	78570	79429	0
CP142610.1	79429	79501	1
CP142610.1	79501	81198	0
CP142610.1	81198	81283	1
CP142610.1	81283	81669	0
CP142610.1	81669	81799	1
CP142610.1	81799	82759	0
CP142610.1	82759	82800	1
CP142610.1	82800	83467	0
CP142610.1	83467	83608	1
CP142610.1	83608	84720	0
CP142610.1	84720	84740	1
CP142610.1	84740	84744	0
CP142610.1	84744	84877	1
CP142610.1	84877	86008	0
CP142610.1	86008	86067	1
CP142610.1	86067	86068	0
CP142610.1	86068	86167	1
CP142610.1	86167	86536	0
CP142610.1	86536	86596	1
CP142610.1	86596	87851	0
CP142610.1	87851	87953	1
CP142610.1	87953	94625	0
CP142610.1	94625	94677	1
CP142610.1	94677	95309	0
CP142610.1	95309	95370	1
CP142610.1	95370	98556	0
CP142610.1	98556	98689	1
CP142610.1	98689	99795	0
CP142610.1	99795	99863	1
CP142610.1	99863	101890	0
CP142610.1	101890	101930	1
CP142610.1	101930	102627	0
CP142610.1	102627	102636	1
CP142610.1	102636	102639	0
CP142610.1	102639	102732	1
CP142610.1	102732	104693	0
CP142610.1	104693	104764	1
CP142610.1	104764	107057	0
CP142610.1	107057	107290	1
CP142610.1	107290	107291	0
CP142610.1	107291	107364	1
CP142610.1	107364	107777	0
CP142610.1	107777	107858	1
CP142610.1	107858	108694	0
CP142610.1	108694	108758	1
CP142610.1	108758	109854	0
CP142610.1	109854	109911	1
CP142610.1	109911	110605	0
CP142610.1	110605	110666	1
CP142610.1	110666	110733	0
CP142610.1	110733	110762	1
CP142610.1	110762	110763	0
CP142610.1	110763	110830	1
CP142610.1	110830	111343	0
CP142610.1	111343	111418	1
CP142610.1	111418	111575	0
CP142610.1	111575	111739	1
CP142610.1	111739	114982	0
CP142610.1	114982	115018	1
CP142610.1	115018	115390	0
CP142610.1	115390	115424	1
CP142610.1	115424	116400	0
CP142610.1	116400	116409	1
CP142610.1	116409	116436	2
CP142610.1	116436	116471	3
CP142610.1	116471	116477	2
CP142610.1	116477	116479	1
CP142610.1	116479	116590	0
CP142610.1	116590	116630	1
CP142610.1	116630	117102	0
CP142610.1	117102	117197	1
CP142610.1	117197	117369	0
CP142610.1	117369	117386	1
CP142610.1	117386	117387	0
CP142610.1	117387	117432	1
CP142610.1	117432	117441	0
CP142610.1	117441	117587	1
CP142610.1	117587	117855	0
CP142610.1	117855	117865	1
CP142610.1	117865	117868	0
CP142610.1	117868	117955	1
CP142610.1	117955	117956	0
CP142610.1	117956	117998	1
CP142610.1	117998	118001	0
CP142610.1	118001	118020	1
CP142610.1	118020	118027	0
CP142610.1	118027	118085	1
CP142610.1	118085	118728	0
CP142610.1	118728	118792	1
CP142610.1	118792	120211	0
CP142610.1	120211	120274	1
CP142610.1	120274	122130	0
CP142610.1	122130	122203	1
CP142610.1	122203	124227	0
CP142610.1	124227	124246	1
CP142610.1	124246	124247	0
CP142610.1	124247	124313	1
CP142610.1	124313	127958	0
CP142610.1	127958	128000	1
CP142610.1	128000	128765	0
CP142610.1	128765	128793	1
CP142610.1	128793	128796	0
CP142610.1	128796	128809	1
CP142610.1	128809	128810	0
CP142610.1	128810	128837	1
CP142610.1	128837	129206	0
CP142610.1	129206	129238	1
CP142610.1	129238	130063	0
CP142610.1	130063	130122	1
CP142610.1	130122	130641	0
CP142610.1	130641	130693	1
CP142610.1	130693	131546	0
CP142610.1	131546	131638	1
CP142610.1	131638	131687	2
CP142610.1	131687	131732	1
CP142610.1	131732	136178	0
CP142610.1	136178	136229	1
CP142610.1	136229	136369	0
CP142610.1	136369	136462	1
CP142610.1	136462	138660	0
CP142610.1	138660	138703	1
CP142610.1	138703	138709	0
CP142610.1	138709	138738	1
CP142610.1	138738	139599	0
CP142610.1	139599	139660	1
CP142610.1	139660	141521	0
CP142610.1	141521	141590	1
CP142610.1	141590	141591	0
CP142610.1	141591	141625	1
CP142610.1	141625	142033	0
CP142610.1	142033	142069	1
CP142610.1	142069	142096	2
CP142610.1	142096	142097	1
CP142610.1	142097	142099	2
CP142610.1	142099	142163	1
CP142610.1	142163	144842	0
CP142610.1	144842	144878	1
CP142610.1	144878	144879	0
CP142610.1	144879	144892	1
CP142610.1	144892	145293	0
CP142610.1	145293	145308	1
CP142610.1	145308	145309	0
CP142610.1	145309	145432	1
CP142610.1	145432	146208	0
CP142610.1	146208	146304	1
CP142610.1	146304	146305	0
CP142610.1	146305	146315	1
CP142610.1	146315	148812	0
CP142610.1	148812	148817	1
CP142610.1	148817	148818	0
CP142610.1	148818	148918	1
CP142610.1	148918	149036	0
CP142610.1	149036	149121	1
CP142610.1	149121	149736	0
CP142610.1	149736	149825	1
CP142610.1	149825	150031	0
CP142610.1	150031	150134	1
CP142610.1	150134	151562	0
CP142610.1	151562	151639	1
CP142610.1	151639	152022	0
CP142610.1	152022	152030	1
CP142610.1	152030	152031	0
CP142610.1	152031	152113	1
CP142610.1	152113	152850	0
CP142610.1	152850	152904	1
CP142610.1	152904	153154	0
CP142610.1	153154	153241	1
CP142610.1	153241	153243	0
CP142610.1	153243	153273	1
CP142610.1	153273	154717	0
CP142610.1	154717	154761	1
CP142610.1	154761	155238	0
CP142610.1	155238	155310	1
CP142610.1	155310	155808	0
CP142610.1	155808	155897	1
CP142610.1	155897	155914	0
CP142610.1	155914	155949	1
CP142610.1	155949	156078	0
CP142610.1	156078	156218	1
CP142610.1	156218	156364	0
CP142610.1	156364	156458	1
CP142610.1	156458	158536	0
CP142610.1	158536	158604	1
CP142610.1	158604	162178	0
CP142610.1	162178	162238	1
CP142610.1	162238	162300	0
CP142610.1	162300	162375	1
CP142610.1	162375	162644	0
CP142610.1	162644	162711	1
CP142610.1	162711	164294	0
CP142610.1	164294	164379	1
CP142610.1	164379	164786	0
CP142610.1	164786	164845	1
CP142610.1	164845	164886	2
CP142610.1	164886	164906	1
CP142610.1	164906	165272	0
CP142610.1	165272	165349	1
CP142610.1	165349	166914	0
CP142610.1	166914	167003	1
CP142610.1	167003	167702	0
CP142610.1	167702	167762	1
CP142610.1	167762	167764	0
CP142610.1	167764	167837	1
CP142610.1	167837	167882	0
CP142610.1	167882	167898	1
CP142610.1	167898	167899	0
CP142610.1	167899	167948	1
CP142610.1	167948	169870	0
CP142610.1	169870	169948	1
CP142610.1	169948	171524	0
CP142610.1	171524	171702	1
CP142610.1	171702	173095	0
CP142610.1	173095	173171	1
CP142610.1	173171	175526	0
CP142610.1	175526	175594	1
CP142610.1	175594	175632	0
CP142610.1	175632	175710	1
CP142610.1	175710	175713	0
CP142610.1	175713	175729	1
CP142610.1	175729	176286	0
CP142610.1	176286	176316	1
CP142610.1	176316	176319	0
CP142610.1	176319	176396	1
CP142610.1	176396	176408	0
CP142610.1	176408	176529	1
CP142610.1	176529	176530	0
CP142610.1	176530	176539	1
CP142610.1	176539	176541	0
CP142610.1	176541	176552	1
CP142610.1	176552	177381	0
CP142610.1	177381	177455	1
CP142610.1	177455	177463	0
CP142610.1	177463	177557	1
CP142610.1	177557	178662	0
CP142610.1	178662	178775	1
CP142610.1	178775	178981	0
CP142610.1	178981	179025	1
CP142610.1	179025	179026	0
CP142610.1	179026	179066	1
CP142610.1	179066	179159	0
CP142610.1	179159	179248	1
CP142610.1	179248	179554	0
CP142610.1	179554	179644	1
CP142610.1	179644	179753	0
CP142610.1	179753	179856	1
CP142610.1	179856	182282	0
CP142610.1	182282	182296	1
CP142610.1	182296	182297	0
CP142610.1	182297	182327	1
CP142610.1	182327	182356	2
CP142610.1	182356	182412	1
CP142610.1	182412	182462	0
CP142610.1	182462	182598	1
CP142610.1	182598	182741	0
CP142610.1	182741	182781	1
CP142610.1	182781	182998	0
CP142610.1	182998	183083	1
CP142610.1	183083	184548	0
CP142610.1	184548	184653	1
CP142610.1	184653	184654	0
CP142610.1	184654	184664	1
CP142610.1	184664	184720	0
CP142610.1	184720	184790	1
CP142610.1	184790	184791	0
CP142610.1	184791	184832	1
CP142610.1	184832	185366	0
CP142610.1	185366	185394	1
CP142610.1	185394	185395	0
CP142610.1	185395	185424	1
CP142610.1	185424	185426	0
CP142610.1	185426	185449	1
CP142610.1	185449	187153	0
CP142610.1	187153	187424	1
CP142610.1	187424	190657	0
CP142610.1	190657	190695	1
CP142610.1	190695	190696	0
CP142610.1	190696	190729	1
CP142610.1	190729	193010	0
CP142610.1	193010	193055	1
CP142610.1	193055	194518	0
CP142610.1	194518	194588	1
CP142610.1	194588	194595	0
CP142610.1	194595	194657	1
CP142610.1	194657	195070	0
CP142610.1	195070	195166	1
CP142610.1	195166	195167	0
CP142610.1	195167	195235	1
CP142610.1	195235	195236	0
CP142610.1	195236	195253	1
CP142610.1	195253	195738	0
CP142610.1	195738	195858	1
CP142610.1	195858	195988	0
CP142610.1	195988	196073	1
CP142610.1	196073	197281	0
CP142610.1	197281	197383	1
CP142610.1	197383	197384	0
CP142610.1	197384	197469	1
CP142610.1	197469	197471	2
CP142610.1	197471	197599	1
CP142610.1	197599	199017	0
CP142610.1	199017	199102	1
CP142610.1	199102	200947	0
CP142610.1	200947	200968	1
CP142610.1	200968	200970	0
CP142610.1	200970	201042	1
CP142610.1	201042	201085	2
CP142610.1	201085	201090	1
CP142610.1	201090	201095	2
CP142610.1	201095	201187	1
CP142610.1	201187	201223	0
CP142610.1	201223	201234	1
CP142610.1	201234	201237	0
CP142610.1	201237	201280	1
CP142610.1	201280	201283	0
CP142610.1	201283	201347	1
CP142610.1	201347	202791	0
CP142610.1	202791	202881	1
CP142610.1	202881	202882	0
CP142610.1	202882	202923	1
CP142610.1	202923	202924	0
CP142610.1	202924	202944	1
CP142610.1	202944	203303	0
CP142610.1	203303	203352	1
CP142610.1	203352	204861	0
CP142610.1	204861	204931	1
CP142610.1	204931	205291	0
CP142610.1	205291	205439	1
CP142610.1	205439	205585	0
CP142610.1	205585	205653	1
CP142610.1	205653	205672	0
CP142610.1	205672	205745	1
CP142610.1	205745	213423	0
CP142610.1	213423	213482	1
CP142610.1	213482	213700	0
CP142610.1	213700	213738	1
CP142610.1	213738	213739	0
CP142610.1	213739	213813	1
CP142610.1	213813	213912	0
CP142610.1	213912	213940	1
CP142610.1	213940	213986	2
CP142610.1	213986	213987	1
CP142610.1	213987	214014	2
CP142610.1	214014	214124	1
CP142610.1	214124	220656	0
CP142610.1	220656	220670	1
CP142610.1	220670	220671	0
CP142610.1	220671	220677	1
CP142610.1	220677	220679	0
CP142610.1	220679	220723	1
CP142610.1	220723	220725	0
CP142610.1	220725	220753	1
CP142610.1	220753	220756	2
CP142610.1	220756	220833	1
CP142610.1	220833	220834	0
CP142610.1	220834	220969	1
CP142610.1	220969	221137	0
CP142610.1	221137	221194	1
CP142610.1	221194	222713	0
CP142610.1	222713	222737	1
CP142610.1	222737	222738	0
CP142610.1	222738	222826	1
CP142610.1	222826	223323	0
CP142610.1	223323	223418	1
CP142610.1	223418	224282	0
CP142610.1	224282	224379	1
CP142610.1	224379	224391	2
CP142610.1	224391	224443	1
CP142610.1	224443	226034	0
CP142610.1	226034	226135	1
CP142610.1	226135	226276	0
CP142610.1	226276	226400	1
CP142610.1	226400	226402	0
CP142610.1	226402	226468	1
CP142610.1	226468	226728	0
CP142610.1	226728	226827	1
CP142610.1	226827	228195	0
CP142610.1	228195	228278	1
CP142610.1	228278	228377	0
CP142610.1	228377	228431	1
CP142610.1	228431	228436	0
CP142610.1	228436	228534	1
CP142610.1	228534	229614	0
CP142610.1	229614	229762	1
CP142610.1	229762	229819	2
CP142610.1	229819	229828	1
CP142610.1	229828	231137	0
CP142610.1	231137	231220	1
CP142610.1	231220	232485	0
CP142610.1	232485	232586	1
CP142610.1	232586	233060	0
CP142610.1	233060	233134	1
CP142610.1	233134	233720	0
CP142610.1	233720	233773	1
CP142610.1	233773	233886	0
CP142610.1	233886	233949	1
CP142610.1	233949	235583	0
CP142610.1	235583	235707	1
CP142610.1	235707	235764	0
CP142610.1	235764	235843	1
CP142610.1	235843	235849	0
CP142610.1	235849	235880	1
CP142610.1	235880	235882	0
CP142610.1	235882	235972	1
CP142610.1	235972	236000	0
CP142610.1	236000	236061	1
CP142610.1	236061	236085	0
CP142610.1	236085	236120	1
CP142610.1	236120	236129	0
CP142610.1	236129	236200	1
CP142610.1	236200	237319	0
CP142610.1	237319	237407	1
CP142610.1	237407	237941	0
CP142610.1	237941	238027	1
CP142610.1	238027	239100	0
CP142610.1	239100	239208	1
CP142610.1	239208	239213	0
CP142610.1	239213	239230	1
CP142610.1	239230	240650	0
CP142610.1	240650	240786	1
CP142610.1	240786	241646	0
CP142610.1	241646	241756	1
CP142610.1	241756	241852	0
CP142610.1	241852	241918	1
CP142610.1	241918	241943	0
CP142610.1	241943	242014	1
CP142610.1	242014	242015	0
CP142610.1	242015	242040	1
CP142610.1	242040	242043	0
CP142610.1	242043	242083	1
CP142610.1	242083	242318	0
CP142610.1	242318	242432	1
CP142610.1	242432	243406	0
CP142610.1	243406	243419	1
CP142610.1	243419	243459	2
CP142610.1	243459	243484	3
CP142610.1	243484	243506	2
CP142610.1	243506	243512	3
CP142610.1	243512	243563	2
CP142610.1	243563	243575	1
CP142610.1	243575	243589	0
CP142610.1	243589	243595	1
CP142610.1	243595	243608	0
CP142610.1	243608	243627	1
CP142610.1	243627	243633	0
CP142610.1	243633	243659	1
CP142610.1	243659	243662	0
CP142610.1	243662	243705	1
CP142610.1	243705	243706	0
CP142610.1	243706	243765	1
CP142610.1	243765	243767	0
CP142610.1	243767	243801	1
CP142610.1	243801	244112	0
CP142610.1	244112	244161	1
CP142610.1	244161	244182	2
CP142610.1	244182	244183	1
CP142610.1	244183	244251	2
CP142610.1	244251	244287	1
CP142610.1	244287	250142	0
CP142610.1	250142	250211	1
CP142610.1	250211	250212	0
CP142610.1	250212	250215	1
CP142610.1	250215	250634	0
CP142610.1	250634	250694	1
CP142610.1	250694	250695	0
CP142610.1	250695	250757	1
CP142610.1	250757	253712	0
CP142610.1	253712	253884	1
CP142610.1	253884	257297	0
CP142610.1	257297	257306	1
CP142610.1	257306	257307	0
CP142610.1	257307	257320	1
CP142610.1	257320	257324	0
CP142610.1	257324	257414	1
CP142610.1	257414	257417	0
CP142610.1	257417	257447	1
CP142610.1	257447	257674	0
CP142610.1	257674	257704	1
CP142610.1	257704	257707	0
CP142610.1	257707	257744	1
CP142610.1	257744	257747	0
CP142610.1	257747	257759	1
CP142610.1	257759	258566	0
CP142610.1	258566	258715	1
CP142610.1	258715	260064	0
CP142610.1	260064	260124	1
CP142610.1	260124	261789	0
CP142610.1	261789	261839	1
CP142610.1	261839	263257	0
CP142610.1	263257	263315	1
CP142610.1	263315	263556	0
CP142610.1	263556	263701	1
CP142610.1	263701	266147	0
CP142610.1	266147	266227	1
CP142610.1	266227	266230	0
CP142610.1	266230	266298	1
CP142610.1	266298	267058	0
CP142610.1	267058	267307	1
CP142610.1	267307	270119	0
CP142610.1	270119	270148	1
CP142610.1	270148	270149	0
CP142610.1	270149	270242	1
CP142610.1	270242	270298	0
CP142610.1	270298	270359	1
CP142610.1	270359	270362	0
CP142610.1	270362	270383	1
CP142610.1	270383	270384	0
CP142610.1	270384	270394	1
CP142610.1	270394	270395	0
CP142610.1	270395	270462	1
CP142610.1	270462	271071	0
CP142610.1	271071	271148	1
CP142610.1	271148	271326	0
CP142610.1	271326	271424	1
CP142610.1	271424	275001	0
CP142610.1	275001	275096	1
CP142610.1	275096	277099	0
CP142610.1	277099	277184	1
CP142610.1	277184	277499	0
CP142610.1	277499	277545	1
CP142610.1	277545	278254	0
CP142610.1	278254	278321	1
CP142610.1	278321	279086	0
CP142610.1	279086	279167	1
CP142610.1	279167	279182	2
CP142610.1	279182	279185	1
CP142610.1	279185	279212	2
CP142610.1	279212	279213	1
CP142610.1	279213	279218	2
CP142610.1	279218	279268	1
CP142610.1	279268	280612	0
CP142610.1	280612	280795	1
CP142610.1	280795	281956	0
CP142610.1	281956	281987	1
CP142610.1	281987	281988	0
CP142610.1	281988	282036	2
CP142610.1	282036	282204	1
CP142610.1	282204	284296	0
CP142610.1	284296	284337	1
CP142610.1	284337	284338	0
CP142610.1	284338	284369	1
CP142610.1	284369	284966	0
CP142610.1	284966	285004	1
CP142610.1	285004	285015	2
CP142610.1	285015	285060	3
CP142610.1	285060	285061	2
CP142610.1	285061	285080	1
CP142610.1	285080	285169	0
CP142610.1	285169	285346	1
CP142610.1	285346	285347	0
CP142610.1	285347	285365	1
CP142610.1	285365	286891	0
CP142610.1	286891	286990	1
CP142610.1	286990	287836	0
CP142610.1	287836	287910	1
CP142610.1	287910	288099	0
CP142610.1	288099	288185	1
CP142610.1	288185	288802	0
CP142610.1	288802	288902	1
CP142610.1	288902	288941	2
CP142610.1	288941	289013	1
CP142610.1	289013	289014	0
CP142610.1	289014	289109	1
CP142610.1	289109	289378	0
CP142610.1	289378	289520	1
CP142610.1	289520	289521	0
CP142610.1	289521	289575	1
CP142610.1	289575	289808	0
CP142610.1	289808	289900	1
CP142610.1	289900	292513	0
CP142610.1	292513	292570	1
CP142610.1	292570	296123	0
CP142610.1	296123	296225	1
CP142610.1	296225	296226	0
CP142610.1	296226	296326	1
CP142610.1	296326	296610	0
CP142610.1	296610	296675	1
CP142610.1	296675	297739	0
CP142610.1	297739	297804	1
CP142610.1	297804	297806	0
CP142610.1	297806	297838	1
CP142610.1	297838	299350	0
CP142610.1	299350	299413	1
CP142610.1	299413	299436	2
CP142610.1	299436	299437	1
CP142610.1	299437	299442	2
CP142610.1	299442	299485	1
CP142610.1	299485	299486	0
CP142610.1	299486	299536	1
CP142610.1	299536	299652	0
CP142610.1	299652	299733	1
CP142610.1	299733	301827	0
CP142610.1	301827	301892	1
CP142610.1	301892	302819	0
CP142610.1	302819	302869	1
CP142610.1	302869	303730	0
CP142610.1	303730	303770	1
CP142610.1	303770	305558	0
CP142610.1	305558	305620	1
CP142610.1	305620	306182	0
CP142610.1	306182	306274	1
CP142610.1	306274	308822	0
CP142610.1	308822	308872	1
CP142610.1	308872	308874	0
CP142610.1	308874	308943	1
CP142610.1	308943	308953	2
CP142610.1	308953	309052	1
CP142610.1	309052	309053	0
CP142610.1	309053	309181	1
CP142610.1	309181	309183	0
CP142610.1	309183	309228	1
CP142610.1	309228	309989	0
CP142610.1	309989	310028	1
CP142610.1	310028	310030	0
CP142610.1	310030	310063	1
CP142610.1	310063	310075	0
CP142610.1	310075	310140	1
CP142610.1	310140	310238	0
CP142610.1	310238	310301	1
CP142610.1	310301	310307	0
CP142610.1	310307	310492	1
CP142610.1	310492	310493	0
CP142610.1	310493	310559	1
CP142610.1	310559	310973	0
CP142610.1	310973	311020	1
CP142610.1	311020	311027	0
CP142610.1	311027	311063	1
CP142610.1	311063	312061	0
CP142610.1	312061	312206	1
CP142610.1	312206	313763	0
CP142610.1	313763	313853	1
CP142610.1	313853	313858	0
CP142610.1	313858	313983	1
CP142610.1	313983	314150	0
CP142610.1	314150	314241	1
CP142610.1	314241	315695	0
CP142610.1	315695	315785	1
CP142610.1	315785	316105	0
CP142610.1	316105	316108	1
CP142610.1	316108	316189	2
CP142610.1	316189	316230	1
CP142610.1	316230	316231	0
CP142610.1	316231	316269	1
CP142610.1	316269	317113	0
CP142610.1	317113	317254	1
CP142610.1	317254	320494	0
CP142610.1	320494	320554	1
CP142610.1	320554	320606	2
CP142610.1	320606	320607	0
CP142610.1	320607	320622	2
CP142610.1	320622	320682	1
CP142610.1	320682	320683	0
CP142610.1	320683	320702	1
CP142610.1	320702	320786	0
CP142610.1	320786	320856	1
CP142610.1	320856	325078	0
CP142610.1	325078	325212	1
CP142610.1	325212	325213	0
CP142610.1	325213	325315	1
CP142610.1	325315	326177	0
CP142610.1	326177	326191	1
CP142610.1	326191	326192	0
CP142610.1	326192	326291	1
CP142610.1	326291	326294	0
CP142610.1	326294	326347	1
CP142610.1	326347	328903	0
CP142610.1	328903	329000	1
CP142610.1	329000	331804	0
CP142610.1	331804	331860	1
CP142610.1	331860	332490	0
CP142610.1	332490	332531	1
CP142610.1	332531	332535	0
CP142610.1	332535	332566	1
CP142610.1	332566	332575	0
CP142610.1	332575	332581	1
CP142610.1	332581	332587	0
CP142610.1	332587	332629	1
CP142610.1	332629	332668	0
CP142610.1	332668	332741	1
CP142610.1	332741	332743	0
CP142610.1	332743	332775	1
CP142610.1	332775	333437	0
CP142610.1	333437	333449	1
CP142610.1	333449	333450	0
CP142610.1	333450	333571	1
CP142610.1	333571	333773	0
CP142610.1	333773	333794	1
CP142610.1	333794	333795	0
CP142610.1	333795	333814	1
CP142610.1	333814	334620	0
CP142610.1	334620	334729	1
CP142610.1	334729	334962	0
CP142610.1	334962	335050	1
CP142610.1	335050	335531	0
CP142610.1	335531	335590	1
CP142610.1	335590	335920	0
CP142610.1	335920	335936	1
CP142610.1	335936	335972	2
CP142610.1	335972	335978	1
CP142610.1	335978	335979	0
CP142610.1	335979	335997	1
CP142610.1	335997	336622	0
CP142610.1	336622	336657	1
CP142610.1	336657	338307	0
CP142610.1	338307	338358	1
CP142610.1	338358	343984	0
CP142610.1	343984	344013	1
CP142610.1	344013	344014	0
CP142610.1	344014	344102	1
CP142610.1	344102	345714	0
CP142610.1	345714	345850	1
CP142610.1	345850	345856	0
CP142610.1	345856	345929	1
CP142610.1	345929	346106	0
CP142610.1	346106	346141	1
CP142610.1	346141	346145	0
CP142610.1	346145	346158	1
CP142610.1	346158	346258	0
CP142610.1	346258	346290	1
CP142610.1	346290	346402	2
CP142610.1	346402	346419	1
CP142610.1	346419	347444	0
CP142610.1	347444	347453	1
CP142610.1	347453	347455	0
CP142610.1	347455	347537	1
CP142610.1	347537	347779	0
CP142610.1	347779	347883	1
CP142610.1	347883	349047	0
CP142610.1	349047	349060	1
CP142610.1	349060	349061	0
CP142610.1	349061	349108	1
CP142610.1	349108	349109	0
CP142610.1	349109	349139	1
CP142610.1	349139	349840	0
CP142610.1	349840	349876	1
CP142610.1	349876	349901	2
CP142610.1	349901	349918	1
CP142610.1	349918	349920	0
CP142610.1	349920	349981	2
CP142610.1	349981	349989	1
CP142610.1	349989	350002	2
CP142610.1	350002	350062	1
CP142610.1	350062	350066	0
CP142610.1	350066	350099	1
CP142610.1	350099	350103	0
CP142610.1	350103	350148	1
CP142610.1	350148	350881	0
CP142610.1	350881	350897	1
CP142610.1	350897	350898	0
CP142610.1	350898	350946	1
CP142610.1	350946	350947	0
CP142610.1	350947	350963	1
CP142610.1	350963	350965	0
CP142610.1	350965	350991	1
CP142610.1	350991	351396	0
CP142610.1	351396	351487	1
CP142610.1	351487	351977	0
CP142610.1	351977	352016	1
CP142610.1	352016	352019	0
CP142610.1	352019	352067	1
CP142610.1	352067	353808	0
CP142610.1	353808	353956	1
CP142610.1	353956	353960	0
CP142610.1	353960	354016	1
CP142610.1	354016	356553	0
CP142610.1	356553	356737	1
CP142610.1	356737	356738	0
CP142610.1	356738	356776	1
CP142610.1	356776	356899	0
CP142610.1	356899	356937	1
CP142610.1	356937	358541	0
CP142610.1	358541	358605	1
CP142610.1	358605	361858	0
CP142610.1	361858	361931	1
CP142610.1	361931	363311	0
CP142610.1	363311	363358	1
CP142610.1	363358	364025	0
CP142610.1	364025	364130	1
CP142610.1	364130	364131	0
CP142610.1	364131	364156	1
CP142610.1	364156	364157	0
CP142610.1	364157	364182	1
CP142610.1	364182	365231	0
CP142610.1	365231	365308	1
CP142610.1	365308	365312	0
CP142610.1	365312	365318	1
CP142610.1	365318	367835	0
CP142610.1	367835	367910	1
CP142610.1	367910	367913	0
CP142610.1	367913	367959	1
CP142610.1	367959	367960	0
CP142610.1	367960	367988	1
CP142610.1	367988	367989	0
CP142610.1	367989	368071	1
CP142610.1	368071	368191	0
CP142610.1	368191	368267	1
CP142610.1	368267	368269	0
CP142610.1	368269	368291	1
CP142610.1	368291	368859	0
CP142610.1	368859	368913	1
CP142610.1	368913	369985	0
CP142610.1	369985	370043	1
CP142610.1	370043	371501	0
CP142610.1	371501	371566	1
CP142610.1	371566	372967	0
CP142610.1	372967	373231	1
CP142610.1	373231	373338	0
CP142610.1	373338	373479	1
CP142610.1	373479	373480	0
CP142610.1	373480	373527	1
CP142610.1	373527	374145	0
CP142610.1	374145	374189	1
CP142610.1	374189	375800	0
CP142610.1	375800	375862	1
CP142610.1	375862	375864	0
CP142610.1	375864	375956	1
CP142610.1	375956	376400	0
CP142610.1	376400	376406	1
CP142610.1	376406	376448	2
CP142610.1	376448	376454	1
CP142610.1	376454	376574	0
CP142610.1	376574	376684	1
CP142610.1	376684	376956	0
CP142610.1	376956	377014	1
CP142610.1	377014	377132	0
CP142610.1	377132	377234	1
CP142610.1	377234	377237	0
CP142610.1	377237	377270	1
CP142610.1	377270	377418	0
CP142610.1	377418	377478	2
CP142610.1	377478	379770	0
CP142610.1	379770	379808	1
CP142610.1	379808	379809	0
CP142610.1	379809	379854	1
CP142610.1	379854	383132	0
CP142610.1	383132	383301	1
CP142610.1	383301	385696	0
CP142610.1	385696	385850	1
CP142610.1	385850	390602	0
CP142610.1	390602	390683	1
CP142610.1	390683	390823	0
CP142610.1	390823	390840	1
CP142610.1	390840	390843	0
CP142610.1	390843	390994	1
CP142610.1	390994	391189	0
CP142610.1	391189	391240	1
CP142610.1	391240	391339	0
CP142610.1	391339	391414	1
CP142610.1	391414	391578	0
CP142610.1	391578	391694	1
CP142610.1	391694	392474	0
CP142610.1	392474	392534	1
CP142610.1	392534	393647	0
CP142610.1	393647	393707	1
CP142610.1	393707	393743	2
CP142610.1	393743	393807	1
CP142610.1	393807	395836	0
CP142610.1	395836	395900	1
CP142610.1	395900	395901	0
CP142610.1	395901	395928	1
CP142610.1	395928	396206	0
CP142610.1	396206	396298	1
CP142610.1	396298	398784	0
CP142610.1	398784	398883	1
CP142610.1	398883	399381	0
CP142610.1	399381	399463	1
CP142610.1	399463	400282	0
CP142610.1	400282	400328	1
CP142610.1	400328	400331	0
CP142610.1	400331	400345	1
CP142610.1	400345	400363	0
CP142610.1	400363	400482	1
CP142610.1	400482	401239	0
CP142610.1	401239	401310	1
CP142610.1	401310	401311	0
CP142610.1	401311	401361	1
CP142610.1	401361	401833	0
CP142610.1	401833	401838	1
CP142610.1	401838	401841	0
CP142610.1	401841	401926	1
CP142610.1	401926	401927	0
CP142610.1	401927	401945	1
CP142610.1	401945	403545	0
CP142610.1	403545	403702	1
CP142610.1	403702	404157	0
CP142610.1	404157	404214	1
CP142610.1	404214	406182	0
CP142610.1	406182	406219	1
CP142610.1	406219	406901	0
CP142610.1	406901	406977	1
CP142610.1	406977	406978	0
CP142610.1	406978	407011	1
CP142610.1	407011	407760	0
CP142610.1	407760	407770	1
CP142610.1	407770	407788	2
CP142610.1	407788	407789	0
CP142610.1	407789	407790	1
CP142610.1	407790	407870	2
CP142610.1	407870	407873	1
CP142610.1	407873	407891	2
CP142610.1	407891	407915	1
CP142610.1	407915	408710	0
CP142610.1	408710	408769	1
CP142610.1	408769	410259	0
CP142610.1	410259	410381	1
CP142610.1	410381	415238	0
CP142610.1	415238	415272	1
CP142610.1	415272	415273	0
CP142610.1	415273	415348	1
CP142610.1	415348	415349	0
CP142610.1	415349	415362	1
CP142610.1	415362	415363	0
CP142610.1	415363	415412	1
CP142610.1	415412	416015	0
CP142610.1	416015	416080	1
CP142610.1	416080	421678	0
CP142610.1	421678	421735	1
CP142610.1	421735	421759	2
CP142610.1	421759	421883	1
CP142610.1	421883	422284	0
CP142610.1	422284	422311	1
CP142610.1	422311	422312	0
CP142610.1	422312	422374	1
CP142610.1	422374	422375	0
CP142610.1	422375	422493	1
CP142610.1	422493	422534	0
CP142610.1	422534	422587	1
CP142610.1	422587	422588	0
CP142610.1	422588	422631	1
CP142610.1	422631	422633	0
CP142610.1	422633	422647	1
CP142610.1	422647	423929	0
CP142610.1	423929	424048	1
CP142610.1	424048	426126	0
CP142610.1	426126	426185	1
CP142610.1	426185	427244	0
CP142610.1	427244	427447	1
CP142610.1	427447	427493	0
CP142610.1	427493	427549	1
CP142610.1	427549	427552	0
CP142610.1	427552	427578	1
CP142610.1	427578	427582	0
CP142610.1	427582	427614	1
CP142610.1	427614	428182	0
CP142610.1	428182	428228	1
CP142610.1	428228	428229	0
CP142610.1	428229	428389	1
CP142610.1	428389	429006	0
CP142610.1	429006	429041	1
CP142610.1	429041	430914	0
CP142610.1	430914	430982	1
CP142610.1	430982	431279	0
CP142610.1	431279	431418	1
CP142610.1	431418	433398	0
CP142610.1	433398	433411	1
CP142610.1	433411	433412	0
CP142610.1	433412	433525	1
CP142610.1	433525	435734	0
CP142610.1	435734	435799	1
CP142610.1	435799	436075	0
CP142610.1	436075	436218	1
CP142610.1	436218	436629	0
CP142610.1	436629	436688	1
CP142610.1	436688	441608	0
CP142610.1	441608	441671	1
CP142610.1	441671	441675	0
CP142610.1	441675	441780	1
CP142610.1	441780	443672	0
CP142610.1	443672	443675	1
CP142610.1	443675	443676	0
CP142610.1	443676	443739	1
CP142610.1	443739	444362	0
CP142610.1	444362	444380	1
CP142610.1	444380	444382	0
CP142610.1	444382	444423	1
CP142610.1	444423	446237	0
CP142610.1	446237	446272	1
CP142610.1	446272	446273	0
CP142610.1	446273	446315	1
CP142610.1	446315	447593	0
CP142610.1	447593	447629	1
CP142610.1	447629	447632	0
CP142610.1	447632	447641	1
CP142610.1	447641	447657	0
CP142610.1	447657	447754	1
CP142610.1	447754	449131	0
CP142610.1	449131	449140	1
CP142610.1	449140	449141	0
CP142610.1	449141	449209	1
CP142610.1	449209	450060	0
CP142610.1	450060	450169	1
CP142610.1	450169	450624	0
CP142610.1	450624	450631	1
CP142610.1	450631	450746	2
CP142610.1	450746	450766	1
CP142610.1	450766	451353	0
CP142610.1	451353	451363	1
CP142610.1	451363	451365	0
CP142610.1	451365	451401	1
CP142610.1	451401	452946	0
CP142610.1	452946	452985	1
CP142610.1	452985	452986	0
CP142610.1	452986	453025	1
CP142610.1	453025	453050	2
CP142610.1	453050	453094	1
CP142610.1	453094	453392	0
CP142610.1	453392	453581	1
CP142610.1	453581	454334	0
CP142610.1	454334	454549	1
CP142610.1	454549	454927	0
CP142610.1	454927	454992	1
CP142610.1	454992	457587	0
CP142610.1	457587	457666	1
CP142610.1	457666	457752	0
CP142610.1	457752	457858	1
CP142610.1	457858	458029	0
CP142610.1	458029	458182	1
CP142610.1	458182	458974	0
CP142610.1	458974	459027	1
CP142610.1	459027	459031	0
CP142610.1	459031	459104	1
CP142610.1	459104	459712	0
CP142610.1	459712	459788	1
CP142610.1	459788	460004	0
CP142610.1	460004	460046	1
CP142610.1	460046	460048	0
CP142610.1	460048	460077	1
CP142610.1	460077	463200	0
CP142610.1	463200	463249	1
CP142610.1	463249	463250	0
CP142610.1	463250	463290	1
CP142610.1	463290	464973	0
CP142610.1	464973	465076	1
CP142610.1	465076	465754	0
CP142610.1	465754	465852	1
CP142610.1	465852	466401	0
CP142610.1	466401	466477	1
CP142610.1	466477	467351	0
CP142610.1	467351	467540	1
CP142610.1	467540	470158	0
CP142610.1	470158	470200	1
CP142610.1	470200	470688	0
CP142610.1	470688	470760	1
CP142610.1	470760	470762	0
CP142610.1	470762	470800	1
CP142610.1	470800	473053	0
CP142610.1	473053	473234	1
CP142610.1	473234	474462	0
CP142610.1	474462	474485	1
CP142610.1	474485	474486	0
CP142610.1	474486	474625	1
CP142610.1	474625	474628	0
CP142610.1	474628	474700	1
CP142610.1	474700	476198	0
CP142610.1	476198	476304	1
CP142610.1	476304	478997	0
CP142610.1	478997	479041	1
CP142610.1	479041	479043	0
CP142610.1	479043	479048	1
CP142610.1	479048	479115	2
CP142610.1	479115	479119	1
CP142610.1	479119	479126	0
CP142610.1	479126	479164	1
CP142610.1	479164	479167	0
CP142610.1	479167	479243	1
CP142610.1	479243	481556	0
CP142610.1	481556	481607	1
CP142610.1	481607	482372	0
CP142610.1	482372	482428	1
CP142610.1	482428	482429	0
CP142610.1	482429	482448	1
CP142610.1	482448	482736	0
CP142610.1	482736	482814	1
CP142610.1	482814	483881	0
CP142610.1	483881	483895	1
CP142610.1	483895	483916	2
CP142610.1	483916	483920	0
CP142610.1	483920	483941	2
CP142610.1	483941	483942	1
CP142610.1	483942	483988	2
CP142610.1	483988	483991	1
CP142610.1	483991	484088	0
CP142610.1	484088	484195	1
CP142610.1	484195	491287	0
CP142610.1	491287	491353	1
CP142610.1	491353	491764	0
CP142610.1	491764	491941	1
CP142610.1	491941	492369	0
CP142610.1	492369	492435	1
CP142610.1	492435	493502	0
CP142610.1	493502	493579	1
CP142610.1	493579	493704	0
CP142610.1	493704	493725	1
CP142610.1	493725	493728	0
CP142610.1	493728	493773	1
CP142610.1	493773	494033	0
CP142610.1	494033	494171	1
CP142610.1	494171	496593	0
CP142610.1	496593	496636	1
CP142610.1	496636	496871	0
CP142610.1	496871	496909	1
CP142610.1	496909	496914	0
CP142610.1	496914	496966	1
CP142610.1	496966	497963	0
CP142610.1	497963	498016	1
CP142610.1	498016	498019	0
CP142610.1	498019	498045	1
CP142610.1	498045	500318	0
CP142610.1	500318	500379	1
CP142610.1	500379	500381	0
CP142610.1	500381	500421	1
CP142610.1	500421	501424	0
CP142610.1	501424	501636	1
CP142610.1	501636	501955	0
CP142610.1	501955	502037	1
CP142610.1	502037	502038	0
CP142610.1	502038	502171	1
CP142610.1	502171	503186	0
CP142610.1	503186	503266	1
CP142610.1	503266	503442	0
CP142610.1	503442	503473	1
CP142610.1	503473	503474	0
CP142610.1	503474	503551	1
CP142610.1	503551	503783	0
CP142610.1	503783	503816	1
CP142610.1	503816	503842	2
CP142610.1	503842	503845	1
CP142610.1	503845	503856	2
CP142610.1	503856	503869	1
CP142610.1	503869	504911	0
CP142610.1	504911	505016	1
CP142610.1	505016	506459	0
CP142610.1	506459	506469	1
CP142610.1	506469	506519	2
CP142610.1	506519	506527	1
CP142610.1	506527	506547	2
CP142610.1	506547	506570	1
CP142610.1	506570	506571	0
CP142610.1	506571	506586	1
CP142610.1	506586	506594	0
CP142610.1	506594	506624	1
CP142610.1	506624	506625	0
CP142610.1	506625	506688	1
CP142610.1	506688	506797	0
CP142610.1	506797	506838	1
CP142610.1	506838	510048	0
CP142610.1	510048	510143	1
CP142610.1	510143	510185	2
CP142610.1	510185	510191	1
CP142610.1	510191	511313	0
CP142610.1	511313	511321	1
CP142610.1	511321	511322	0
CP142610.1	511322	511333	1
CP142610.1	511333	511338	2
CP142610.1	511338	511339	1
CP142610.1	511339	511386	2
CP142610.1	511386	511407	1
CP142610.1	511407	511408	0
CP142610.1	511408	511467	1
CP142610.1	511467	511712	0
CP142610.1	511712	511726	1
CP142610.1	511726	511727	0
CP142610.1	511727	511752	1
CP142610.1	511752	511778	2
CP142610.1	511778	511779	0
CP142610.1	511779	511795	2
CP142610.1	511795	511796	1
CP142610.1	511796	511804	2
CP142610.1	511804	511807	1
CP142610.1	511807	511839	2
CP142610.1	511839	511857	1
CP142610.1	511857	512899	0
CP142610.1	512899	513064	1
CP142610.1	513064	513088	0
CP142610.1	513088	513231	1
CP142610.1	513231	513233	0
CP142610.1	513233	513269	1
CP142610.1	513269	513486	0
CP142610.1	513486	513602	1
CP142610.1	513602	513604	0
CP142610.1	513604	513627	1
CP142610.1	513627	513695	2
CP142610.1	513695	513786	1
CP142610.1	513786	514639	0
CP142610.1	514639	514680	1
CP142610.1	514680	515111	0
CP142610.1	515111	515133	1
CP142610.1	515133	515134	0
CP142610.1	515134	515166	1
CP142610.1	515166	515167	0
CP142610.1	515167	515292	1
CP142610.1	515292	515427	0
CP142610.1	515427	515516	1
CP142610.1	515516	515518	0
CP142610.1	515518	515524	1
CP142610.1	515524	515546	2
CP142610.1	515546	515547	1
CP142610.1	515547	515583	2
CP142610.1	515583	515600	1
CP142610.1	515600	515800	0
CP142610.1	515800	515844	1
CP142610.1	515844	516155	0
CP142610.1	516155	516200	1
CP142610.1	516200	516210	2
CP142610.1	516210	516325	1
CP142610.1	516325	517628	0
CP142610.1	517628	517697	1
CP142610.1	517697	518842	0
CP142610.1	518842	518886	1
CP142610.1	518886	518888	0
CP142610.1	518888	518907	1
CP142610.1	518907	519566	0
CP142610.1	519566	519685	1
CP142610.1	519685	519686	0
CP142610.1	519686	519695	1
CP142610.1	519695	519696	0
CP142610.1	519696	519722	1
CP142610.1	519722	519783	0
CP142610.1	519783	519857	1
CP142610.1	519857	520389	0
CP142610.1	520389	520448	1
CP142610.1	520448	522304	0
CP142610.1	522304	522361	1
CP142610.1	522361	524943	0
CP142610.1	524943	525032	1
CP142610.1	525032	525035	0
CP142610.1	525035	525045	1
CP142610.1	525045	525047	0
CP142610.1	525047	525067	1
CP142610.1	525067	525502	0
CP142610.1	525502	525542	1
CP142610.1	525542	525590	2
CP142610.1	525590	525591	1
CP142610.1	525591	528546	0
CP142610.1	528546	528564	1
CP142610.1	528564	528612	2
CP142610.1	528612	528625	1
CP142610.1	528625	529173	0
CP142610.1	529173	529267	1
CP142610.1	529267	529589	0
CP142610.1	529589	529650	1
CP142610.1	529650	532043	0
CP142610.1	532043	532077	1
CP142610.1	532077	532078	0
CP142610.1	532078	532145	1
CP142610.1	532145	535128	0
CP142610.1	535128	535246	1
CP142610.1	535246	535832	0
CP142610.1	535832	535885	1
CP142610.1	535885	535887	0
CP142610.1	535887	535995	1
CP142610.1	535995	536258	0
CP142610.1	536258	536366	1
CP142610.1	536366	541351	0
CP142610.1	541351	541392	1
CP142610.1	541392	541394	0
CP142610.1	541394	541447	1
CP142610.1	541447	541448	0
CP142610.1	541448	541501	1
CP142610.1	541501	541642	0
CP142610.1	541642	541760	1
CP142610.1	541760	542030	0
CP142610.1	542030	542065	1
CP142610.1	542065	542492	0
CP142610.1	542492	542591	1
CP142610.1	542591	542775	0
CP142610.1	542775	542879	1
CP142610.1	542879	542925	0
CP142610.1	542925	542993	1
CP142610.1	542993	542994	0
CP142610.1	542994	543034	1
CP142610.1	543034	543049	0
CP142610.1	543049	543132	1
CP142610.1	543132	544618	0
CP142610.1	544618	544754	1
CP142610.1	544754	546488	0
CP142610.1	546488	546758	1
CP142610.1	546758	547396	0
CP142610.1	547396	547419	1
CP142610.1	547419	547539	2
CP142610.1	547539	547540	3
CP142610.1	547540	547648	2
CP142610.1	547648	547684	1
CP142610.1	547684	550600	0
CP142610.1	550600	550629	1
CP142610.1	550629	550632	0
CP142610.1	550632	550636	1
CP142610.1	550636	550640	0
CP142610.1	550640	550703	1
CP142610.1	550703	552313	0
CP142610.1	552313	552413	1
CP142610.1	552413	552950	0
CP142610.1	552950	552963	1
CP142610.1	552963	552964	0
CP142610.1	552964	553027	1
CP142610.1	553027	553640	0
CP142610.1	553640	553760	1
CP142610.1	553760	554283	0
CP142610.1	554283	554365	1
CP142610.1	554365	554610	0
CP142610.1	554610	554649	1
CP142610.1	554649	555406	0
CP142610.1	555406	555454	1
CP142610.1	555454	555458	0
CP142610.1	555458	555490	1
CP142610.1	555490	557715	0
CP142610.1	557715	557731	1
CP142610.1	557731	557732	0
CP142610.1	557732	557783	1
CP142610.1	557783	557784	0
CP142610.1	557784	557836	1
CP142610.1	557836	557837	0
CP142610.1	557837	557894	1
CP142610.1	557894	559484	0
CP142610.1	559484	559496	1
CP142610.1	559496	559501	0
CP142610.1	559501	559623	1
CP142610.1	559623	559649	0
CP142610.1	559649	559684	1
CP142610.1	559684	559685	0
CP142610.1	559685	559796	1
CP142610.1	559796	562502	0
CP142610.1	562502	562534	1
CP142610.1	562534	562650	0
CP142610.1	562650	562697	1
CP142610.1	562697	562698	0
CP142610.1	562698	562728	1
CP142610.1	562728	562730	0
CP142610.1	562730	562776	1
CP142610.1	562776	564367	0
CP142610.1	564367	564407	1
CP142610.1	564407	564408	0
CP142610.1	564408	564582	1
CP142610.1	564582	570150	0
CP142610.1	570150	570166	1
CP142610.1	570166	570167	0
CP142610.1	570167	570286	1
CP142610.1	570286	570706	0
CP142610.1	570706	570818	1
CP142610.1	570818	570820	0
CP142610.1	570820	570960	1
CP142610.1	570960	570961	0
CP142610.1	570961	570984	1
CP142610.1	570984	572105	0
CP142610.1	572105	572142	1
CP142610.1	572142	572143	0
CP142610.1	572143	572155	1
CP142610.1	572155	572160	0
CP142610.1	572160	572260	1
CP142610.1	572260	572264	0
CP142610.1	572264	572305	1
CP142610.1	572305	572751	0
CP142610.1	572751	572787	1
CP142610.1	572787	572788	0
CP142610.1	572788	572821	1
CP142610.1	572821	573667	0
CP142610.1	573667	573769	1
CP142610.1	573769	573770	0
CP142610.1	573770	573783	1
CP142610.1	573783	573787	0
CP142610.1	573787	573808	1
CP142610.1	573808	573924	0
CP142610.1	573924	573992	1
CP142610.1	573992	573993	0
CP142610.1	573993	574004	1
CP142610.1	574004	574139	0
CP142610.1	574139	574176	1
CP142610.1	574176	574178	0
CP142610.1	574178	574201	1
CP142610.1	574201	577449	0
CP142610.1	577449	577584	1
CP142610.1	577584	577585	0
CP142610.1	577585	577741	1
CP142610.1	577741	578580	0
CP142610.1	578580	578699	1
CP142610.1	578699	578700	0
CP142610.1	578700	578786	1
CP142610.1	578786	579293	0
CP142610.1	579293	579424	1
CP142610.1	579424	581048	0
CP142610.1	581048	581112	1
CP142610.1	581112	581879	0
CP142610.1	581879	581990	1
CP142610.1	581990	582131	0
CP142610.1	582131	582282	1
CP142610.1	582282	582301	0
CP142610.1	582301	582384	1
CP142610.1	582384	582566	0
CP142610.1	582566	582626	1
CP142610.1	582626	582627	0
CP142610.1	582627	582650	1
CP142610.1	582650	584266	0
CP142610.1	584266	584343	1
CP142610.1	584343	584350	0
CP142610.1	584350	584377	1
CP142610.1	584377	585356	0
CP142610.1	585356	585392	1
CP142610.1	585392	586535	0
CP142610.1	586535	586621	1
CP142610.1	586621	588254	0
CP142610.1	588254	588294	1
CP142610.1	588294	588297	0
CP142610.1	588297	588444	1
CP142610.1	588444	588445	0
CP142610.1	588445	588466	1
CP142610.1	588466	588527	0
CP142610.1	588527	588592	1
CP142610.1	588592	588824	0
CP142610.1	588824	588868	1
CP142610.1	588868	588871	0
CP142610.1	588871	589004	1
CP142610.1	589004	589408	0
CP142610.1	589408	589414	1
CP142610.1	589414	589425	2
CP142610.1	589425	589427	1
CP142610.1	589427	589456	2
CP142610.1	589456	589457	1
CP142610.1	589457	589463	2
CP142610.1	589463	589530	1
CP142610.1	589530	590753	0
CP142610.1	590753	590775	1
CP142610.1	590775	590778	0
CP142610.1	590778	590849	1
CP142610.1	590849	590860	2
CP142610.1	590860	590870	1
CP142610.1	590870	590871	0
CP142610.1	590871	590916	1
CP142610.1	590916	590918	0
CP142610.1	590918	591019	1
CP142610.1	591019	591955	0
CP142610.1	591955	592008	1
CP142610.1	592008	592014	0
CP142610.1	592014	592075	1
CP142610.1	592075	592081	0
CP142610.1	592081	592111	1
CP142610.1	592111	594954	0
CP142610.1	594954	594975	1
CP142610.1	594975	594976	0
CP142610.1	594976	595092	1
CP142610.1	595092	595709	0
CP142610.1	595709	595769	1
CP142610.1	595769	596834	0
CP142610.1	596834	596868	1
CP142610.1	596868	596869	0
CP142610.1	596869	597013	1
CP142610.1	597013	597749	0
CP142610.1	597749	597815	1
CP142610.1	597815	597816	2
CP142610.1	597816	597922	1
CP142610.1	597922	598831	0
CP142610.1	598831	598970	1
CP142610.1	598970	601096	0
CP142610.1	601096	601109	1
CP142610.1	601109	601111	0
CP142610.1	601111	601181	1
CP142610.1	601181	601876	0
CP142610.1	601876	601961	1
CP142610.1	601961	603409	0
CP142610.1	603409	603580	1
CP142610.1	603580	603581	0
CP142610.1	603581	603595	1
CP142610.1	603595	603669	0
CP142610.1	603669	603748	1
CP142610.1	603748	604153	0
CP142610.1	604153	604228	1
CP142610.1	604228	604705	0
CP142610.1	604705	604793	1
CP142610.1	604793	605033	0
CP142610.1	605033	605090	1
CP142610.1	605090	605970	0
CP142610.1	605970	606031	1
CP142610.1	606031	606838	0
CP142610.1	606838	606890	1
CP142610.1	606890	607059	2
CP142610.1	607059	607073	1
CP142610.1	607073	611241	0
CP142610.1	611241	611294	1
CP142610.1	611294	611295	0
CP142610.1	611295	611310	1
CP142610.1	611310	611321	2
CP142610.1	611321	611347	1
CP142610.1	611347	611349	0
CP142610.1	611349	611402	1
CP142610.1	611402	613384	0
CP142610.1	613384	613434	1
CP142610.1	613434	613449	0
CP142610.1	613449	613506	1
CP142610.1	613506	613658	0
CP142610.1	613658	613722	1
CP142610.1	613722	614563	0
CP142610.1	614563	614670	1
CP142610.1	614670	614673	0
CP142610.1	614673	614739	1
CP142610.1	614739	616157	0
CP142610.1	616157	616261	1
CP142610.1	616261	616562	0
CP142610.1	616562	616627	1
CP142610.1	616627	616629	0
CP142610.1	616629	616674	1
CP142610.1	616674	616870	0
CP142610.1	616870	616931	1
CP142610.1	616931	617578	0
CP142610.1	617578	617612	1
CP142610.1	617612	617628	2
CP142610.1	617628	617669	1
CP142610.1	617669	621189	0
CP142610.1	621189	621363	1
CP142610.1	621363	621577	0
CP142610.1	621577	621636	1
CP142610.1	621636	624088	0
CP142610.1	624088	624130	1
CP142610.1	624130	624131	0
CP142610.1	624131	624136	1
CP142610.1	624136	624145	0
CP142610.1	624145	624205	1
CP142610.1	624205	625714	0
CP142610.1	625714	625750	1
CP142610.1	625750	626028	0
CP142610.1	626028	626117	1
CP142610.1	626117	626388	0
CP142610.1	626388	626532	1
CP142610.1	626532	627604	0
CP142610.1	627604	627644	1
CP142610.1	627644	627645	0
CP142610.1	627645	627686	1
CP142610.1	627686	628114	0
CP142610.1	628114	628222	1
CP142610.1	628222	628283	0
CP142610.1	628283	628337	1
CP142610.1	628337	628342	0
CP142610.1	628342	628391	1
CP142610.1	628391	628410	0
CP142610.1	628410	628605	1
CP142610.1	628605	628638	0
CP142610.1	628638	628697	1
CP142610.1	628697	628699	0
CP142610.1	628699	628737	1
CP142610.1	628737	628739	0
CP142610.1	628739	628760	1
CP142610.1	628760	629894	0
CP142610.1	629894	629918	1
CP142610.1	629918	629920	0
CP142610.1	629920	630036	1
CP142610.1	630036	632245	0
