CP142623.1	0	2074	0
CP142623.1	2074	2112	1
CP142623.1	2112	3207	0
CP142623.1	3207	3274	1
CP142623.1	3274	4070	0
CP142623.1	4070	4126	1
CP142623.1	4126	5344	0
CP142623.1	5344	5370	1
CP142623.1	5370	5373	0
CP142623.1	5373	5462	1
CP142623.1	5462	5470	0
CP142623.1	5470	5505	1
CP142623.1	5505	5827	0
CP142623.1	5827	6144	1
CP142623.1	6144	6149	2
CP142623.1	6149	6220	1
CP142623.1	6220	6221	0
CP142623.1	6221	6242	1
CP142623.1	6242	6243	0
CP142623.1	6243	6256	1
CP142623.1	6256	6356	0
CP142623.1	6356	6457	1
CP142623.1	6457	6461	0
CP142623.1	6461	6509	1
CP142623.1	6509	8006	0
CP142623.1	8006	8102	1
CP142623.1	8102	11048	0
CP142623.1	11048	11083	1
CP142623.1	11083	11609	0
CP142623.1	11609	11724	1
CP142623.1	11724	12971	0
CP142623.1	12971	13036	1
CP142623.1	13036	13043	0
CP142623.1	13043	13105	1
CP142623.1	13105	14277	0
CP142623.1	14277	14298	1
CP142623.1	14298	14299	0
CP142623.1	14299	14335	1
CP142623.1	14335	14336	0
CP142623.1	14336	14366	1
CP142623.1	14366	15456	0
CP142623.1	15456	15523	1
CP142623.1	15523	17990	0
CP142623.1	17990	18029	1
CP142623.1	18029	18173	0
CP142623.1	18173	18244	1
CP142623.1	18244	18307	2
CP142623.1	18307	18308	1
CP142623.1	18308	19268	0
CP142623.1	19268	19327	1
CP142623.1	19327	19615	0
CP142623.1	19615	19713	1
CP142623.1	19713	21604	0
CP142623.1	21604	21643	1
CP142623.1	21643	21660	0
CP142623.1	21660	21722	1
CP142623.1	21722	21728	0
CP142623.1	21728	21819	1
CP142623.1	21819	22178	0
CP142623.1	22178	22283	1
CP142623.1	22283	22880	0
CP142623.1	22880	22921	1
CP142623.1	22921	22924	0
CP142623.1	22924	22989	1
CP142623.1	22989	23670	0
CP142623.1	23670	23673	1
CP142623.1	23673	23674	0
CP142623.1	23674	23757	1
CP142623.1	23757	23948	0
CP142623.1	23948	24050	1
CP142623.1	24050	25712	0
CP142623.1	25712	25774	1
CP142623.1	25774	25777	0
CP142623.1	25777	25805	1
CP142623.1	25805	27026	0
CP142623.1	27026	27075	1
CP142623.1	27075	27076	0
CP142623.1	27076	27128	1
CP142623.1	27128	30085	0
CP142623.1	30085	30119	1
CP142623.1	30119	30120	0
CP142623.1	30120	30191	1
CP142623.1	30191	30407	0
CP142623.1	30407	30496	1
CP142623.1	30496	31257	0
CP142623.1	31257	31280	1
CP142623.1	31280	31290	0
CP142623.1	31290	31348	1
CP142623.1	31348	31369	2
CP142623.1	31369	31373	1
CP142623.1	31373	31489	2
CP142623.1	31489	31522	1
CP142623.1	31522	31524	0
CP142623.1	31524	31556	1
CP142623.1	31556	32601	0
CP142623.1	32601	32701	1
CP142623.1	32701	32703	2
CP142623.1	32703	32917	1
CP142623.1	32917	34125	0
CP142623.1	34125	34190	1
CP142623.1	34190	34979	0
CP142623.1	34979	35074	1
CP142623.1	35074	36035	0
CP142623.1	36035	36172	1
CP142623.1	36172	36981	0
CP142623.1	36981	37032	1
CP142623.1	37032	37035	0
CP142623.1	37035	37118	1
CP142623.1	37118	37319	0
CP142623.1	37319	37371	1
CP142623.1	37371	37542	0
CP142623.1	37542	37567	1
CP142623.1	37567	37571	0
CP142623.1	37571	37618	1
CP142623.1	37618	37648	2
CP142623.1	37648	37649	1
CP142623.1	37649	37728	2
CP142623.1	37728	37730	1
CP142623.1	37730	37731	0
CP142623.1	37731	37771	1
CP142623.1	37771	38066	0
CP142623.1	38066	38174	1
CP142623.1	38174	38917	0
CP142623.1	38917	38941	1
CP142623.1	38941	38944	0
CP142623.1	38944	39023	1
CP142623.1	39023	39388	0
CP142623.1	39388	39451	1
CP142623.1	39451	39600	0
CP142623.1	39600	39661	1
CP142623.1	39661	39884	0
CP142623.1	39884	39910	1
CP142623.1	39910	39911	0
CP142623.1	39911	39985	1
CP142623.1	39985	40268	0
CP142623.1	40268	40511	1
CP142623.1	40511	42528	0
CP142623.1	42528	42610	1
CP142623.1	42610	42611	0
CP142623.1	42611	42683	1
CP142623.1	42683	42684	0
CP142623.1	42684	42741	1
CP142623.1	42741	42742	0
CP142623.1	42742	42775	1
CP142623.1	42775	42801	0
CP142623.1	42801	42854	1
CP142623.1	42854	42860	0
CP142623.1	42860	42887	1
CP142623.1	42887	43383	0
CP142623.1	43383	43508	1
CP142623.1	43508	44263	0
CP142623.1	44263	44341	1
CP142623.1	44341	45745	0
CP142623.1	45745	45829	1
CP142623.1	45829	46062	0
CP142623.1	46062	46162	1
CP142623.1	46162	46269	0
CP142623.1	46269	46329	1
CP142623.1	46329	48268	0
CP142623.1	48268	48379	1
CP142623.1	48379	48398	0
CP142623.1	48398	48452	1
CP142623.1	48452	49838	0
CP142623.1	49838	49912	1
CP142623.1	49912	49915	0
CP142623.1	49915	49952	1
CP142623.1	49952	52094	0
CP142623.1	52094	52178	1
CP142623.1	52178	52940	0
CP142623.1	52940	53095	1
CP142623.1	53095	53431	0
CP142623.1	53431	53456	1
CP142623.1	53456	53459	0
CP142623.1	53459	53530	1
CP142623.1	53530	53531	0
CP142623.1	53531	53559	1
CP142623.1	53559	53984	0
CP142623.1	53984	54047	1
CP142623.1	54047	55877	0
CP142623.1	55877	55956	1
CP142623.1	55956	55958	0
CP142623.1	55958	56006	1
CP142623.1	56006	56750	0
CP142623.1	56750	56782	1
CP142623.1	56782	56783	0
CP142623.1	56783	56822	1
CP142623.1	56822	56830	2
CP142623.1	56830	56834	1
CP142623.1	56834	56869	2
CP142623.1	56869	56877	1
CP142623.1	56877	56908	2
CP142623.1	56908	56909	1
CP142623.1	56909	56910	0
CP142623.1	56910	56956	1
CP142623.1	56956	59885	0
CP142623.1	59885	59988	1
CP142623.1	59988	60026	2
CP142623.1	60026	60067	1
CP142623.1	60067	61587	0
CP142623.1	61587	61669	1
CP142623.1	61669	61911	0
CP142623.1	61911	61973	1
CP142623.1	61973	62275	0
CP142623.1	62275	62320	1
CP142623.1	62320	65127	0
CP142623.1	65127	65162	1
CP142623.1	65162	66999	0
CP142623.1	66999	67005	1
CP142623.1	67005	67064	2
CP142623.1	67064	67111	1
CP142623.1	67111	67175	0
CP142623.1	67175	67264	1
CP142623.1	67264	68072	0
CP142623.1	68072	68145	1
CP142623.1	68145	69222	0
CP142623.1	69222	69314	1
CP142623.1	69314	71083	0
CP142623.1	71083	71127	1
CP142623.1	71127	71143	3
CP142623.1	71143	71144	2
CP142623.1	71144	71189	3
CP142623.1	71189	71213	2
CP142623.1	71213	71248	1
CP142623.1	71248	71651	0
CP142623.1	71651	71819	1
CP142623.1	71819	72443	0
CP142623.1	72443	72531	1
CP142623.1	72531	72535	0
CP142623.1	72535	72586	1
CP142623.1	72586	74182	0
CP142623.1	74182	74257	1
CP142623.1	74257	74258	0
CP142623.1	74258	74321	1
CP142623.1	74321	74468	0
CP142623.1	74468	74494	1
CP142623.1	74494	74495	0
CP142623.1	74495	74586	1
CP142623.1	74586	75748	0
CP142623.1	75748	75801	1
CP142623.1	75801	75822	2
CP142623.1	75822	75846	3
CP142623.1	75846	75847	2
CP142623.1	75847	75861	3
CP142623.1	75861	75894	2
CP142623.1	75894	75932	1
CP142623.1	75932	75933	0
CP142623.1	75933	75967	1
CP142623.1	75967	76754	0
CP142623.1	76754	76867	1
CP142623.1	76867	76932	0
CP142623.1	76932	76957	1
CP142623.1	76957	76958	0
CP142623.1	76958	77034	1
CP142623.1	77034	77872	0
CP142623.1	77872	77940	1
CP142623.1	77940	78015	0
CP142623.1	78015	78062	1
CP142623.1	78062	78096	2
CP142623.1	78096	78112	1
CP142623.1	78112	78269	0
CP142623.1	78269	78315	1
CP142623.1	78315	78319	0
CP142623.1	78319	78322	1
CP142623.1	78322	78394	2
CP142623.1	78394	78395	1
CP142623.1	78395	78405	2
CP142623.1	78405	78419	1
CP142623.1	78419	78420	0
CP142623.1	78420	78452	1
CP142623.1	78452	78455	0
CP142623.1	78455	78464	1
CP142623.1	78464	79558	0
CP142623.1	79558	79765	1
CP142623.1	79765	79941	0
CP142623.1	79941	80063	1
CP142623.1	80063	80221	0
CP142623.1	80221	80393	1
CP142623.1	80393	80720	0
CP142623.1	80720	80825	1
CP142623.1	80825	82481	0
CP142623.1	82481	82508	1
CP142623.1	82508	82509	0
CP142623.1	82509	82616	1
CP142623.1	82616	82963	0
CP142623.1	82963	83009	1
CP142623.1	83009	83010	0
CP142623.1	83010	83037	1
CP142623.1	83037	84380	0
CP142623.1	84380	84394	1
CP142623.1	84394	84397	0
CP142623.1	84397	84459	1
CP142623.1	84459	84718	0
CP142623.1	84718	84854	1
CP142623.1	84854	85939	0
CP142623.1	85939	86004	1
CP142623.1	86004	86412	0
CP142623.1	86412	86439	1
CP142623.1	86439	86441	0
CP142623.1	86441	86513	1
CP142623.1	86513	90813	0
CP142623.1	90813	90876	1
CP142623.1	90876	90961	0
CP142623.1	90961	90996	1
CP142623.1	90996	90997	0
CP142623.1	90997	91086	1
CP142623.1	91086	91321	0
CP142623.1	91321	91447	1
CP142623.1	91447	92823	0
CP142623.1	92823	92908	1
CP142623.1	92908	93723	0
CP142623.1	93723	93831	1
CP142623.1	93831	94659	0
CP142623.1	94659	94669	1
CP142623.1	94669	94756	2
CP142623.1	94756	94765	1
CP142623.1	94765	95835	0
CP142623.1	95835	95922	1
CP142623.1	95922	95971	0
CP142623.1	95971	96021	1
CP142623.1	96021	96559	0
CP142623.1	96559	96597	1
CP142623.1	96597	97406	0
CP142623.1	97406	97452	1
CP142623.1	97452	97455	0
CP142623.1	97455	97469	1
CP142623.1	97469	97470	0
CP142623.1	97470	97556	1
CP142623.1	97556	99381	0
CP142623.1	99381	99551	1
CP142623.1	99551	101435	0
CP142623.1	101435	101533	1
CP142623.1	101533	101693	0
CP142623.1	101693	101740	1
CP142623.1	101740	103191	0
CP142623.1	103191	103266	1
CP142623.1	103266	103943	0
CP142623.1	103943	103999	1
CP142623.1	103999	104002	0
CP142623.1	104002	104043	1
CP142623.1	104043	104147	0
CP142623.1	104147	104255	1
CP142623.1	104255	104263	2
CP142623.1	104263	104334	1
CP142623.1	104334	104578	0
CP142623.1	104578	104630	1
CP142623.1	104630	105829	0
CP142623.1	105829	105963	1
CP142623.1	105963	105973	0
CP142623.1	105973	106032	1
CP142623.1	106032	106571	0
CP142623.1	106571	106674	1
CP142623.1	106674	106724	0
CP142623.1	106724	106867	1
CP142623.1	106867	106899	0
CP142623.1	106899	106950	1
CP142623.1	106950	107101	0
CP142623.1	107101	107336	1
CP142623.1	107336	107344	0
CP142623.1	107344	107367	1
CP142623.1	107367	107370	0
CP142623.1	107370	107413	1
CP142623.1	107413	107975	0
CP142623.1	107975	108052	1
CP142623.1	108052	108053	0
CP142623.1	108053	108080	1
CP142623.1	108080	110122	0
CP142623.1	110122	110132	1
CP142623.1	110132	110164	2
CP142623.1	110164	110213	1
CP142623.1	110213	110267	2
CP142623.1	110267	110306	1
CP142623.1	110306	110909	0
CP142623.1	110909	111024	1
CP142623.1	111024	112410	0
CP142623.1	112410	112481	1
CP142623.1	112481	112895	0
CP142623.1	112895	113219	1
CP142623.1	113219	113244	0
CP142623.1	113244	113311	1
CP142623.1	113311	114558	0
CP142623.1	114558	114613	1
CP142623.1	114613	114850	0
CP142623.1	114850	114936	1
CP142623.1	114936	116548	0
CP142623.1	116548	116630	1
CP142623.1	116630	116830	0
CP142623.1	116830	116919	1
CP142623.1	116919	116929	0
CP142623.1	116929	116976	1
CP142623.1	116976	116979	0
CP142623.1	116979	117073	1
CP142623.1	117073	118293	0
CP142623.1	118293	118337	1
CP142623.1	118337	121398	0
CP142623.1	121398	121490	1
CP142623.1	121490	121497	0
CP142623.1	121497	121500	1
CP142623.1	121500	121504	0
CP142623.1	121504	121698	1
CP142623.1	121698	123003	0
CP142623.1	123003	123099	1
CP142623.1	123099	123108	0
CP142623.1	123108	123132	1
CP142623.1	123132	123133	0
CP142623.1	123133	123181	1
CP142623.1	123181	123183	0
CP142623.1	123183	123190	1
CP142623.1	123190	125551	0
CP142623.1	125551	125623	1
CP142623.1	125623	127440	0
CP142623.1	127440	127489	1
CP142623.1	127489	127492	0
CP142623.1	127492	127577	1
CP142623.1	127577	128323	0
CP142623.1	128323	128390	1
CP142623.1	128390	128736	0
CP142623.1	128736	128805	1
CP142623.1	128805	128808	0
CP142623.1	128808	128821	1
CP142623.1	128821	128822	0
CP142623.1	128822	128851	1
CP142623.1	128851	131540	0
CP142623.1	131540	131579	1
CP142623.1	131579	131580	0
CP142623.1	131580	131622	1
CP142623.1	131622	131623	0
CP142623.1	131623	131658	1
CP142623.1	131658	132780	0
CP142623.1	132780	132903	1
CP142623.1	132903	135457	0
CP142623.1	135457	135579	1
CP142623.1	135579	137337	0
CP142623.1	137337	137391	1
CP142623.1	137391	137392	0
CP142623.1	137392	137434	1
CP142623.1	137434	137462	2
CP142623.1	137462	137484	1
CP142623.1	137484	137509	0
CP142623.1	137509	137568	1
CP142623.1	137568	137569	0
CP142623.1	137569	137621	1
CP142623.1	137621	137623	0
CP142623.1	137623	137633	1
CP142623.1	137633	137638	0
CP142623.1	137638	137662	1
CP142623.1	137662	138724	0
CP142623.1	138724	138812	1
CP142623.1	138812	139081	0
CP142623.1	139081	139162	1
CP142623.1	139162	139209	0
CP142623.1	139209	139329	1
CP142623.1	139329	139334	0
CP142623.1	139334	139351	1
CP142623.1	139351	139352	0
CP142623.1	139352	139382	1
CP142623.1	139382	139388	0
CP142623.1	139388	139448	1
CP142623.1	139448	139906	0
CP142623.1	139906	139922	1
CP142623.1	139922	139926	0
CP142623.1	139926	139964	1
CP142623.1	139964	140843	0
CP142623.1	140843	140963	1
CP142623.1	140963	141519	0
CP142623.1	141519	141556	1
CP142623.1	141556	141625	2
CP142623.1	141625	141780	1
CP142623.1	141780	142201	0
CP142623.1	142201	142300	1
CP142623.1	142300	142301	0
CP142623.1	142301	142309	1
CP142623.1	142309	143443	0
CP142623.1	143443	143460	1
CP142623.1	143460	143485	2
CP142623.1	143485	143557	1
CP142623.1	143557	143639	0
CP142623.1	143639	143782	1
CP142623.1	143782	143819	0
CP142623.1	143819	143869	1
CP142623.1	143869	144492	0
CP142623.1	144492	144542	1
CP142623.1	144542	144545	0
CP142623.1	144545	144572	1
CP142623.1	144572	144817	0
CP142623.1	144817	144860	1
CP142623.1	144860	144933	2
CP142623.1	144933	144937	1
CP142623.1	144937	145644	0
CP142623.1	145644	145657	1
CP142623.1	145657	145658	0
CP142623.1	145658	145770	1
CP142623.1	145770	148862	0
CP142623.1	148862	149000	1
CP142623.1	149000	150106	0
CP142623.1	150106	150193	1
CP142623.1	150193	150920	0
CP142623.1	150920	151049	1
CP142623.1	151049	151050	0
CP142623.1	151050	151085	1
CP142623.1	151085	151086	0
CP142623.1	151086	151113	1
CP142623.1	151113	151581	0
CP142623.1	151581	151675	1
CP142623.1	151675	151795	0
CP142623.1	151795	151951	1
CP142623.1	151951	151974	0
CP142623.1	151974	152041	1
CP142623.1	152041	152043	0
CP142623.1	152043	152057	1
CP142623.1	152057	152167	0
CP142623.1	152167	152238	1
CP142623.1	152238	153659	0
CP142623.1	153659	153859	1
CP142623.1	153859	154001	0
CP142623.1	154001	154064	1
CP142623.1	154064	154065	0
CP142623.1	154065	154107	1
CP142623.1	154107	156115	0
CP142623.1	156115	156178	1
CP142623.1	156178	156179	0
CP142623.1	156179	156199	1
CP142623.1	156199	156359	0
CP142623.1	156359	156446	1
CP142623.1	156446	156657	0
CP142623.1	156657	156758	1
CP142623.1	156758	157103	0
CP142623.1	157103	157176	1
CP142623.1	157176	157712	0
CP142623.1	157712	157779	1
CP142623.1	157779	158374	0
CP142623.1	158374	158448	1
CP142623.1	158448	159752	0
CP142623.1	159752	159880	1
CP142623.1	159880	161413	0
CP142623.1	161413	161488	1
CP142623.1	161488	162191	0
CP142623.1	162191	162236	1
CP142623.1	162236	165417	0
CP142623.1	165417	165531	1
CP142623.1	165531	166642	0
CP142623.1	166642	166701	1
CP142623.1	166701	167834	0
CP142623.1	167834	167855	1
CP142623.1	167855	167857	0
CP142623.1	167857	167935	1
CP142623.1	167935	168181	0
CP142623.1	168181	168236	1
CP142623.1	168236	168237	0
CP142623.1	168237	168263	1
CP142623.1	168263	168364	0
CP142623.1	168364	168432	1
CP142623.1	168432	169242	0
CP142623.1	169242	169333	1
CP142623.1	169333	169403	2
CP142623.1	169403	169405	1
CP142623.1	169405	169430	2
CP142623.1	169430	169439	1
CP142623.1	169439	171099	0
CP142623.1	171099	171164	1
CP142623.1	171164	171165	0
CP142623.1	171165	171216	1
CP142623.1	171216	171364	0
CP142623.1	171364	171395	1
CP142623.1	171395	171489	2
CP142623.1	171489	171501	1
CP142623.1	171501	171568	2
CP142623.1	171568	171588	1
CP142623.1	171588	171668	0
CP142623.1	171668	171748	1
CP142623.1	171748	171754	2
CP142623.1	171754	171955	1
CP142623.1	171955	172852	0
CP142623.1	172852	172978	1
CP142623.1	172978	173103	0
CP142623.1	173103	173118	1
CP142623.1	173118	173119	0
CP142623.1	173119	173208	1
CP142623.1	173208	173223	0
CP142623.1	173223	173258	1
CP142623.1	173258	173260	0
CP142623.1	173260	173330	1
CP142623.1	173330	173424	0
CP142623.1	173424	173509	1
CP142623.1	173509	174206	0
CP142623.1	174206	174365	1
CP142623.1	174365	175460	0
CP142623.1	175460	175547	1
CP142623.1	175547	175850	0
CP142623.1	175850	175864	1
CP142623.1	175864	175869	0
CP142623.1	175869	175960	1
CP142623.1	175960	175981	0
CP142623.1	175981	176192	1
CP142623.1	176192	176265	0
CP142623.1	176265	176331	1
CP142623.1	176331	176624	0
CP142623.1	176624	176654	1
CP142623.1	176654	176656	0
CP142623.1	176656	176824	1
CP142623.1	176824	176842	2
CP142623.1	176842	176845	1
CP142623.1	176845	176848	0
CP142623.1	176848	176868	1
CP142623.1	176868	176870	0
CP142623.1	176870	176920	1
CP142623.1	176920	177684	0
CP142623.1	177684	177692	1
CP142623.1	177692	177771	2
CP142623.1	177771	177795	1
CP142623.1	177795	177806	0
CP142623.1	177806	177833	1
CP142623.1	177833	177834	0
CP142623.1	177834	177849	1
CP142623.1	177849	177850	0
CP142623.1	177850	177896	1
CP142623.1	177896	178718	0
CP142623.1	178718	178865	1
CP142623.1	178865	178868	0
CP142623.1	178868	178897	1
CP142623.1	178897	179139	0
CP142623.1	179139	179151	1
CP142623.1	179151	179152	0
CP142623.1	179152	179303	1
CP142623.1	179303	179310	0
CP142623.1	179310	179326	1
CP142623.1	179326	179483	0
CP142623.1	179483	179614	1
CP142623.1	179614	179636	0
CP142623.1	179636	179772	1
CP142623.1	179772	179773	0
CP142623.1	179773	179883	1
CP142623.1	179883	180298	0
CP142623.1	180298	180362	1
CP142623.1	180362	181206	0
CP142623.1	181206	181296	1
CP142623.1	181296	181347	0
CP142623.1	181347	181467	1
CP142623.1	181467	182210	0
CP142623.1	182210	182374	1
CP142623.1	182374	182665	0
CP142623.1	182665	182780	1
CP142623.1	182780	182830	0
CP142623.1	182830	182893	1
CP142623.1	182893	183034	0
CP142623.1	183034	183120	1
CP142623.1	183120	184571	0
CP142623.1	184571	184642	1
CP142623.1	184642	184647	0
CP142623.1	184647	184719	1
CP142623.1	184719	184722	0
CP142623.1	184722	184740	1
CP142623.1	184740	184835	0
CP142623.1	184835	184902	1
CP142623.1	184902	184903	0
CP142623.1	184903	184926	1
CP142623.1	184926	186865	0
CP142623.1	186865	186968	1
CP142623.1	186968	186981	0
CP142623.1	186981	187065	1
CP142623.1	187065	187352	0
CP142623.1	187352	187470	1
CP142623.1	187470	188398	0
CP142623.1	188398	188450	1
CP142623.1	188450	188467	0
CP142623.1	188467	188520	1
CP142623.1	188520	189823	0
CP142623.1	189823	189891	1
CP142623.1	189891	190321	0
CP142623.1	190321	190365	1
CP142623.1	190365	190367	0
CP142623.1	190367	190385	1
CP142623.1	190385	190386	0
CP142623.1	190386	190413	1
CP142623.1	190413	191945	0
CP142623.1	191945	192018	1
CP142623.1	192018	192019	0
CP142623.1	192019	192080	1
CP142623.1	192080	192096	2
CP142623.1	192096	192295	1
CP142623.1	192295	192426	0
CP142623.1	192426	192466	1
CP142623.1	192466	192480	0
CP142623.1	192480	192546	1
CP142623.1	192546	194532	0
CP142623.1	194532	194579	1
CP142623.1	194579	194595	2
CP142623.1	194595	194596	1
CP142623.1	194596	194634	2
CP142623.1	194634	194665	1
CP142623.1	194665	195541	0
CP142623.1	195541	195682	1
CP142623.1	195682	196658	0
CP142623.1	196658	196740	1
CP142623.1	196740	197376	0
CP142623.1	197376	197500	1
CP142623.1	197500	197636	0
CP142623.1	197636	197661	1
CP142623.1	197661	197662	0
CP142623.1	197662	197665	1
CP142623.1	197665	197667	0
CP142623.1	197667	197702	1
CP142623.1	197702	198897	0
CP142623.1	198897	199008	1
CP142623.1	199008	199392	0
CP142623.1	199392	199452	1
CP142623.1	199452	199571	0
CP142623.1	199571	199636	1
CP142623.1	199636	199868	0
CP142623.1	199868	199936	1
CP142623.1	199936	200850	0
CP142623.1	200850	200909	1
CP142623.1	200909	201140	0
CP142623.1	201140	201254	1
CP142623.1	201254	201319	2
CP142623.1	201319	201337	3
CP142623.1	201337	201371	2
CP142623.1	201371	201375	1
CP142623.1	201375	201555	0
CP142623.1	201555	201650	1
CP142623.1	201650	202157	0
CP142623.1	202157	202268	1
CP142623.1	202268	203186	0
CP142623.1	203186	203322	1
CP142623.1	203322	203778	0
CP142623.1	203778	203908	1
CP142623.1	203908	204315	0
CP142623.1	204315	204345	1
CP142623.1	204345	204346	0
CP142623.1	204346	204424	1
CP142623.1	204424	204698	0
CP142623.1	204698	204748	1
CP142623.1	204748	204750	0
CP142623.1	204750	204797	1
CP142623.1	204797	205417	0
CP142623.1	205417	205499	1
CP142623.1	205499	208123	0
CP142623.1	208123	208193	1
CP142623.1	208193	208196	0
CP142623.1	208196	208271	1
CP142623.1	208271	208314	2
CP142623.1	208314	208338	1
CP142623.1	208338	208360	2
CP142623.1	208360	208417	1
CP142623.1	208417	209214	0
CP142623.1	209214	209251	1
CP142623.1	209251	209252	0
CP142623.1	209252	209317	1
CP142623.1	209317	209569	0
CP142623.1	209569	209618	1
CP142623.1	209618	209671	0
CP142623.1	209671	209840	1
CP142623.1	209840	209847	2
CP142623.1	209847	209922	1
CP142623.1	209922	211641	0
CP142623.1	211641	211715	1
CP142623.1	211715	213829	0
CP142623.1	213829	213900	1
CP142623.1	213900	213982	0
CP142623.1	213982	213993	1
CP142623.1	213993	213994	0
CP142623.1	213994	214025	1
CP142623.1	214025	214026	0
CP142623.1	214026	214099	1
CP142623.1	214099	216945	0
CP142623.1	216945	217001	1
CP142623.1	217001	218009	0
CP142623.1	218009	218053	1
CP142623.1	218053	218058	0
CP142623.1	218058	218063	1
CP142623.1	218063	218065	0
CP142623.1	218065	218111	1
CP142623.1	218111	219217	0
CP142623.1	219217	219349	1
CP142623.1	219349	221119	0
CP142623.1	221119	221144	1
CP142623.1	221144	221146	0
CP142623.1	221146	221202	1
CP142623.1	221202	221203	0
CP142623.1	221203	221221	1
CP142623.1	221221	221416	0
CP142623.1	221416	221487	1
CP142623.1	221487	223624	0
CP142623.1	223624	223671	1
CP142623.1	223671	224811	0
CP142623.1	224811	224877	1
CP142623.1	224877	225816	0
CP142623.1	225816	225899	1
CP142623.1	225899	226364	0
CP142623.1	226364	226680	1
CP142623.1	226680	227162	0
CP142623.1	227162	227261	1
CP142623.1	227261	228208	0
CP142623.1	228208	228347	1
CP142623.1	228347	229673	0
CP142623.1	229673	229762	1
CP142623.1	229762	229828	2
CP142623.1	229828	229830	1
CP142623.1	229830	229834	2
CP142623.1	229834	229849	1
CP142623.1	229849	230045	0
CP142623.1	230045	230095	1
CP142623.1	230095	231565	0
CP142623.1	231565	231573	1
CP142623.1	231573	231607	2
CP142623.1	231607	231656	3
CP142623.1	231656	231665	2
CP142623.1	231665	231674	1
CP142623.1	231674	233998	0
CP142623.1	233998	234002	1
CP142623.1	234002	234003	0
CP142623.1	234003	234044	1
CP142623.1	234044	236164	0
CP142623.1	236164	236267	1
CP142623.1	236267	236285	2
CP142623.1	236285	236291	0
CP142623.1	236291	236321	2
CP142623.1	236321	236424	1
CP142623.1	236424	236438	2
CP142623.1	236438	236502	1
CP142623.1	236502	236906	0
CP142623.1	236906	236973	1
CP142623.1	236973	237136	0
CP142623.1	237136	237261	1
CP142623.1	237261	238966	0
CP142623.1	238966	239013	1
CP142623.1	239013	239014	0
CP142623.1	239014	239062	1
CP142623.1	239062	239116	2
CP142623.1	239116	239210	1
CP142623.1	239210	239600	0
CP142623.1	239600	239647	1
CP142623.1	239647	239650	0
CP142623.1	239650	239727	1
CP142623.1	239727	239729	2
CP142623.1	239729	239781	1
CP142623.1	239781	239784	0
CP142623.1	239784	239806	1
CP142623.1	239806	239830	0
CP142623.1	239830	239884	1
CP142623.1	239884	240093	0
CP142623.1	240093	240134	1
CP142623.1	240134	240216	0
CP142623.1	240216	240300	1
CP142623.1	240300	240791	0
CP142623.1	240791	240811	1
CP142623.1	240811	240813	0
CP142623.1	240813	240929	1
CP142623.1	240929	240935	0
CP142623.1	240935	241040	1
CP142623.1	241040	241639	0
CP142623.1	241639	241707	1
CP142623.1	241707	242934	0
CP142623.1	242934	243038	1
CP142623.1	243038	243715	0
CP142623.1	243715	243787	1
CP142623.1	243787	243789	0
CP142623.1	243789	243873	1
CP142623.1	243873	243877	0
CP142623.1	243877	243972	1
CP142623.1	243972	244171	0
CP142623.1	244171	244208	1
CP142623.1	244208	244210	0
CP142623.1	244210	244244	1
CP142623.1	244244	244739	0
CP142623.1	244739	244847	1
CP142623.1	244847	245329	0
CP142623.1	245329	245381	1
CP142623.1	245381	248432	0
CP142623.1	248432	248493	1
CP142623.1	248493	248687	0
CP142623.1	248687	248711	1
CP142623.1	248711	248712	0
CP142623.1	248712	248763	1
CP142623.1	248763	248830	0
CP142623.1	248830	248913	1
CP142623.1	248913	249363	0
CP142623.1	249363	249476	1
CP142623.1	249476	249563	0
CP142623.1	249563	249723	1
CP142623.1	249723	250808	0
CP142623.1	250808	250854	1
CP142623.1	250854	250855	0
CP142623.1	250855	250915	1
CP142623.1	250915	250918	0
CP142623.1	250918	250938	1
CP142623.1	250938	251204	0
CP142623.1	251204	251340	1
CP142623.1	251340	251341	0
CP142623.1	251341	251384	1
CP142623.1	251384	252048	0
CP142623.1	252048	252142	1
CP142623.1	252142	252269	0
CP142623.1	252269	252332	1
CP142623.1	252332	252334	0
CP142623.1	252334	252347	1
CP142623.1	252347	252350	0
CP142623.1	252350	252428	1
CP142623.1	252428	254205	0
CP142623.1	254205	254234	1
CP142623.1	254234	254257	2
CP142623.1	254257	254258	0
CP142623.1	254258	254259	1
CP142623.1	254259	254326	2
CP142623.1	254326	254329	1
CP142623.1	254329	254935	0
CP142623.1	254935	254994	1
CP142623.1	254994	254995	0
CP142623.1	254995	255016	1
CP142623.1	255016	255028	2
CP142623.1	255028	255029	1
CP142623.1	255029	255081	2
CP142623.1	255081	255087	1
CP142623.1	255087	257574	0
CP142623.1	257574	257693	1
CP142623.1	257693	258125	0
CP142623.1	258125	258150	1
CP142623.1	258150	258153	0
CP142623.1	258153	258190	1
CP142623.1	258190	258193	0
CP142623.1	258193	258235	1
CP142623.1	258235	258488	0
CP142623.1	258488	258495	1
CP142623.1	258495	258496	0
CP142623.1	258496	258622	1
CP142623.1	258622	258857	0
CP142623.1	258857	258905	1
CP142623.1	258905	258914	0
CP142623.1	258914	258956	1
CP142623.1	258956	259066	0
CP142623.1	259066	259151	1
CP142623.1	259151	259317	0
CP142623.1	259317	259379	1
CP142623.1	259379	260237	0
CP142623.1	260237	260329	1
CP142623.1	260329	260330	0
CP142623.1	260330	260363	1
CP142623.1	260363	260403	0
CP142623.1	260403	260519	1
CP142623.1	260519	261646	0
CP142623.1	261646	261668	1
CP142623.1	261668	261669	0
CP142623.1	261669	261720	1
CP142623.1	261720	262220	0
CP142623.1	262220	262284	1
CP142623.1	262284	263998	0
CP142623.1	263998	264143	1
CP142623.1	264143	265276	0
CP142623.1	265276	265400	1
CP142623.1	265400	265401	0
CP142623.1	265401	265436	1
CP142623.1	265436	265700	0
CP142623.1	265700	265767	1
CP142623.1	265767	266271	0
CP142623.1	266271	266315	1
CP142623.1	266315	266316	0
CP142623.1	266316	266351	1
CP142623.1	266351	266361	2
CP142623.1	266361	266390	3
CP142623.1	266390	266419	4
CP142623.1	266419	266454	3
CP142623.1	266454	266455	0
CP142623.1	266455	266480	3
CP142623.1	266480	266500	2
CP142623.1	266500	266549	1
CP142623.1	266549	266684	0
CP142623.1	266684	266802	1
CP142623.1	266802	268669	0
CP142623.1	268669	268725	1
CP142623.1	268725	269134	0
CP142623.1	269134	269273	1
CP142623.1	269273	270934	0
CP142623.1	270934	270953	1
CP142623.1	270953	270954	0
CP142623.1	270954	270968	1
CP142623.1	270968	270978	0
CP142623.1	270978	271119	1
CP142623.1	271119	271708	0
CP142623.1	271708	271781	1
CP142623.1	271781	273827	0
CP142623.1	273827	273926	1
CP142623.1	273926	274906	0
CP142623.1	274906	274940	1
CP142623.1	274940	274980	0
CP142623.1	274980	275018	1
CP142623.1	275018	275044	2
CP142623.1	275044	275045	1
CP142623.1	275045	275070	2
CP142623.1	275070	275071	1
CP142623.1	275071	276348	0
CP142623.1	276348	276493	1
CP142623.1	276493	276885	0
CP142623.1	276885	277004	1
CP142623.1	277004	279307	0
CP142623.1	279307	279335	1
CP142623.1	279335	279336	0
CP142623.1	279336	279414	1
CP142623.1	279414	279962	0
CP142623.1	279962	280092	1
CP142623.1	280092	281055	0
CP142623.1	281055	281157	1
CP142623.1	281157	281165	2
CP142623.1	281165	281326	1
CP142623.1	281326	281638	0
CP142623.1	281638	281691	1
CP142623.1	281691	282524	0
CP142623.1	282524	282603	1
CP142623.1	282603	282960	0
CP142623.1	282960	283053	1
CP142623.1	283053	283564	0
CP142623.1	283564	283642	1
CP142623.1	283642	284434	0
CP142623.1	284434	284448	1
CP142623.1	284448	284450	0
CP142623.1	284450	284470	1
CP142623.1	284470	284527	2
CP142623.1	284527	284528	1
CP142623.1	284528	284534	2
CP142623.1	284534	284628	3
CP142623.1	284628	284644	2
CP142623.1	284644	284650	1
CP142623.1	284650	284734	0
CP142623.1	284734	284762	1
CP142623.1	284762	284764	0
CP142623.1	284764	284880	1
CP142623.1	284880	285032	0
CP142623.1	285032	285123	1
CP142623.1	285123	285134	0
CP142623.1	285134	285179	1
CP142623.1	285179	286115	0
CP142623.1	286115	286276	1
CP142623.1	286276	286307	0
CP142623.1	286307	286318	1
CP142623.1	286318	286371	2
CP142623.1	286371	286396	0
CP142623.1	286396	286522	1
CP142623.1	286522	286735	0
CP142623.1	286735	286859	1
CP142623.1	286859	292455	0
CP142623.1	292455	292521	1
CP142623.1	292521	293319	0
CP142623.1	293319	293388	1
CP142623.1	293388	294197	0
CP142623.1	294197	294250	1
CP142623.1	294250	296049	0
CP142623.1	296049	296100	1
CP142623.1	296100	296101	0
CP142623.1	296101	296195	1
CP142623.1	296195	297280	0
CP142623.1	297280	297450	1
CP142623.1	297450	297512	2
CP142623.1	297512	297522	1
CP142623.1	297522	297850	0
CP142623.1	297850	297909	1
CP142623.1	297909	298447	0
CP142623.1	298447	298490	1
CP142623.1	298490	298491	0
CP142623.1	298491	298511	1
CP142623.1	298511	298513	0
CP142623.1	298513	298671	1
CP142623.1	298671	300522	0
CP142623.1	300522	300666	1
CP142623.1	300666	301199	0
CP142623.1	301199	301303	1
CP142623.1	301303	301485	0
CP142623.1	301485	301543	1
CP142623.1	301543	302041	0
CP142623.1	302041	302159	1
CP142623.1	302159	302213	2
CP142623.1	302213	302216	1
CP142623.1	302216	302329	0
CP142623.1	302329	302440	1
CP142623.1	302440	302554	0
CP142623.1	302554	302627	1
CP142623.1	302627	302970	0
CP142623.1	302970	302990	1
CP142623.1	302990	302994	0
CP142623.1	302994	303109	1
CP142623.1	303109	305541	0
CP142623.1	305541	305633	1
CP142623.1	305633	306321	0
CP142623.1	306321	306406	1
CP142623.1	306406	307150	0
CP142623.1	307150	307266	1
CP142623.1	307266	308622	0
CP142623.1	308622	308712	1
CP142623.1	308712	308727	2
CP142623.1	308727	308728	0
CP142623.1	308728	308764	2
CP142623.1	308764	308765	1
CP142623.1	308765	308869	2
CP142623.1	308869	308971	0
CP142623.1	308971	309040	1
CP142623.1	309040	309567	0
CP142623.1	309567	309608	1
CP142623.1	309608	309739	0
CP142623.1	309739	309767	1
CP142623.1	309767	309774	2
CP142623.1	309774	309825	1
CP142623.1	309825	310400	0
CP142623.1	310400	310454	1
CP142623.1	310454	310462	0
CP142623.1	310462	310504	1
CP142623.1	310504	310902	0
CP142623.1	310902	311035	1
CP142623.1	311035	311729	0
CP142623.1	311729	311955	1
CP142623.1	311955	313296	0
CP142623.1	313296	313300	1
CP142623.1	313300	313322	2
CP142623.1	313322	313323	1
CP142623.1	313323	313328	2
CP142623.1	313328	313330	1
CP142623.1	313330	313339	2
CP142623.1	313339	313535	1
CP142623.1	313535	313599	0
CP142623.1	313599	313725	1
CP142623.1	313725	314129	0
CP142623.1	314129	314267	1
CP142623.1	314267	314268	0
CP142623.1	314268	314306	1
CP142623.1	314306	314386	0
CP142623.1	314386	314553	1
CP142623.1	314553	315312	0
CP142623.1	315312	315352	1
CP142623.1	315352	315370	0
CP142623.1	315370	315564	1
CP142623.1	315564	316019	0
CP142623.1	316019	316091	1
CP142623.1	316091	316866	0
CP142623.1	316866	316942	1
CP142623.1	316942	316943	0
CP142623.1	316943	316968	1
CP142623.1	316968	317432	0
CP142623.1	317432	317451	1
CP142623.1	317451	317487	2
CP142623.1	317487	317488	1
CP142623.1	317488	317489	2
CP142623.1	317489	317490	1
CP142623.1	317490	317521	2
CP142623.1	317521	317673	1
CP142623.1	317673	317814	0
CP142623.1	317814	317845	1
CP142623.1	317845	317867	2
CP142623.1	317867	317933	1
CP142623.1	317933	318356	0
CP142623.1	318356	318385	1
CP142623.1	318385	318386	0
CP142623.1	318386	318421	1
CP142623.1	318421	321382	0
CP142623.1	321382	321522	1
CP142623.1	321522	322119	0
CP142623.1	322119	322135	1
CP142623.1	322135	322137	0
CP142623.1	322137	322196	1
CP142623.1	322196	322814	0
CP142623.1	322814	322947	1
CP142623.1	322947	323882	0
CP142623.1	323882	323930	1
CP142623.1	323930	324248	0
CP142623.1	324248	324430	1
CP142623.1	324430	324431	0
CP142623.1	324431	324468	1
CP142623.1	324468	324471	0
CP142623.1	324471	324476	1
CP142623.1	324476	324478	0
CP142623.1	324478	324499	1
CP142623.1	324499	324500	0
CP142623.1	324500	324520	1
CP142623.1	324520	324521	0
CP142623.1	324521	324531	2
CP142623.1	324531	324532	1
CP142623.1	324532	324545	2
CP142623.1	324545	324582	1
CP142623.1	324582	324583	0
CP142623.1	324583	324604	1
CP142623.1	324604	324608	0
CP142623.1	324608	324611	1
CP142623.1	324611	324652	2
CP142623.1	324652	324653	1
CP142623.1	324653	324710	2
CP142623.1	324710	325026	0
CP142623.1	325026	325078	1
CP142623.1	325078	325125	2
CP142623.1	325125	325140	1
CP142623.1	325140	325529	0
CP142623.1	325529	325590	1
CP142623.1	325590	325820	0
CP142623.1	325820	325869	1
CP142623.1	325869	325914	0
CP142623.1	325914	326047	1
CP142623.1	326047	326346	0
CP142623.1	326346	326367	1
CP142623.1	326367	326368	0
CP142623.1	326368	326433	1
CP142623.1	326433	326440	0
CP142623.1	326440	326517	1
CP142623.1	326517	326518	0
CP142623.1	326518	326587	1
CP142623.1	326587	326997	0
CP142623.1	326997	327029	1
CP142623.1	327029	327030	0
CP142623.1	327030	327071	1
CP142623.1	327071	327073	0
CP142623.1	327073	327100	1
CP142623.1	327100	328212	0
CP142623.1	328212	328360	1
CP142623.1	328360	328362	0
CP142623.1	328362	328380	1
CP142623.1	328380	328382	0
CP142623.1	328382	328427	1
CP142623.1	328427	328429	0
CP142623.1	328429	328455	1
CP142623.1	328455	329062	0
CP142623.1	329062	329155	1
CP142623.1	329155	329182	0
CP142623.1	329182	329334	1
CP142623.1	329334	330480	0
CP142623.1	330480	330551	1
CP142623.1	330551	330561	0
CP142623.1	330561	330597	1
CP142623.1	330597	334450	0
CP142623.1	334450	334522	1
CP142623.1	334522	334553	2
CP142623.1	334553	334747	1
CP142623.1	334747	335353	0
CP142623.1	335353	335368	1
CP142623.1	335368	335372	0
CP142623.1	335372	335466	1
CP142623.1	335466	335712	0
CP142623.1	335712	335775	1
CP142623.1	335775	337200	0
CP142623.1	337200	337264	1
CP142623.1	337264	337265	0
CP142623.1	337265	337295	1
CP142623.1	337295	337375	0
CP142623.1	337375	337441	1
CP142623.1	337441	337443	0
CP142623.1	337443	337532	1
CP142623.1	337532	338552	0
CP142623.1	338552	338582	1
CP142623.1	338582	338595	0
CP142623.1	338595	338621	1
CP142623.1	338621	339580	0
CP142623.1	339580	339682	1
CP142623.1	339682	340226	0
CP142623.1	340226	340318	1
CP142623.1	340318	340586	0
CP142623.1	340586	340604	1
CP142623.1	340604	340608	0
CP142623.1	340608	340670	1
CP142623.1	340670	340718	2
CP142623.1	340718	340788	1
CP142623.1	340788	340818	2
CP142623.1	340818	340924	1
CP142623.1	340924	340928	0
CP142623.1	340928	341041	1
CP142623.1	341041	341044	0
CP142623.1	341044	341079	1
CP142623.1	341079	341125	0
CP142623.1	341125	341173	1
CP142623.1	341173	341185	2
CP142623.1	341185	341231	1
CP142623.1	341231	343581	0
CP142623.1	343581	343627	1
CP142623.1	343627	345005	0
CP142623.1	345005	345146	1
CP142623.1	345146	347108	0
CP142623.1	347108	347196	1
CP142623.1	347196	347774	0
CP142623.1	347774	347895	1
CP142623.1	347895	348667	0
CP142623.1	348667	348714	1
CP142623.1	348714	348715	0
CP142623.1	348715	348767	1
CP142623.1	348767	348768	0
CP142623.1	348768	348794	1
CP142623.1	348794	350813	0
CP142623.1	350813	350910	1
CP142623.1	350910	350913	0
CP142623.1	350913	350930	1
CP142623.1	350930	353176	0
CP142623.1	353176	353190	1
CP142623.1	353190	353191	0
CP142623.1	353191	353201	1
CP142623.1	353201	353202	0
CP142623.1	353202	353266	1
CP142623.1	353266	353627	0
CP142623.1	353627	353694	1
CP142623.1	353694	353695	0
CP142623.1	353695	353767	1
CP142623.1	353767	353783	0
CP142623.1	353783	353797	1
CP142623.1	353797	353800	0
CP142623.1	353800	353844	1
CP142623.1	353844	354281	0
CP142623.1	354281	354364	1
CP142623.1	354364	355321	0
CP142623.1	355321	355367	1
CP142623.1	355367	355369	0
CP142623.1	355369	355381	1
CP142623.1	355381	355826	0
CP142623.1	355826	355926	1
CP142623.1	355926	356218	0
CP142623.1	356218	356253	1
CP142623.1	356253	356289	2
CP142623.1	356289	356321	3
CP142623.1	356321	356399	2
CP142623.1	356399	356432	1
CP142623.1	356432	357739	0
CP142623.1	357739	357843	1
CP142623.1	357843	358585	0
CP142623.1	358585	358672	1
CP142623.1	358672	359278	0
CP142623.1	359278	359337	1
CP142623.1	359337	359703	0
CP142623.1	359703	359761	1
CP142623.1	359761	359799	0
CP142623.1	359799	359899	1
CP142623.1	359899	360512	0
CP142623.1	360512	360550	1
CP142623.1	360550	361436	0
CP142623.1	361436	361534	1
CP142623.1	361534	362049	0
CP142623.1	362049	362093	1
CP142623.1	362093	362095	0
CP142623.1	362095	362144	1
CP142623.1	362144	363006	0
CP142623.1	363006	363093	1
CP142623.1	363093	363126	0
CP142623.1	363126	363170	1
CP142623.1	363170	363171	0
CP142623.1	363171	363230	1
CP142623.1	363230	363338	0
CP142623.1	363338	363403	1
CP142623.1	363403	363659	0
CP142623.1	363659	363664	1
CP142623.1	363664	363779	2
CP142623.1	363779	363780	1
CP142623.1	363780	363798	2
CP142623.1	363798	363804	1
CP142623.1	363804	363805	0
CP142623.1	363805	363831	1
CP142623.1	363831	364193	0
CP142623.1	364193	364310	1
CP142623.1	364310	364311	0
CP142623.1	364311	364334	1
CP142623.1	364334	365199	0
CP142623.1	365199	365240	1
CP142623.1	365240	366239	0
CP142623.1	366239	366241	1
CP142623.1	366241	366296	2
CP142623.1	366296	366348	1
CP142623.1	366348	366749	0
CP142623.1	366749	366843	1
CP142623.1	366843	368214	0
CP142623.1	368214	368284	1
CP142623.1	368284	368460	0
CP142623.1	368460	368554	1
CP142623.1	368554	368790	0
CP142623.1	368790	368827	1
CP142623.1	368827	368839	2
CP142623.1	368839	368859	1
CP142623.1	368859	368860	0
CP142623.1	368860	368897	1
CP142623.1	368897	369090	0
CP142623.1	369090	369185	1
CP142623.1	369185	375131	0
CP142623.1	375131	375313	1
CP142623.1	375313	375315	0
CP142623.1	375315	375399	1
CP142623.1	375399	375670	0
CP142623.1	375670	375734	1
CP142623.1	375734	375737	0
CP142623.1	375737	375756	1
CP142623.1	375756	375984	0
CP142623.1	375984	376058	1
CP142623.1	376058	377059	0
CP142623.1	377059	377111	1
CP142623.1	377111	378241	0
CP142623.1	378241	378307	1
CP142623.1	378307	378711	0
CP142623.1	378711	378858	1
CP142623.1	378858	378862	0
CP142623.1	378862	378950	1
CP142623.1	378950	378951	0
CP142623.1	378951	378960	1
CP142623.1	378960	379362	0
CP142623.1	379362	379400	1
CP142623.1	379400	379402	0
CP142623.1	379402	379460	1
CP142623.1	379460	379464	0
CP142623.1	379464	379486	1
CP142623.1	379486	379819	0
CP142623.1	379819	379867	1
CP142623.1	379867	379869	2
CP142623.1	379869	379900	1
CP142623.1	379900	379970	2
CP142623.1	379970	379995	1
CP142623.1	379995	379996	0
CP142623.1	379996	380065	1
CP142623.1	380065	380066	0
CP142623.1	380066	380112	1
CP142623.1	380112	380834	0
CP142623.1	380834	380955	1
CP142623.1	380955	380984	0
CP142623.1	380984	381122	1
CP142623.1	381122	382280	0
CP142623.1	382280	382465	1
CP142623.1	382465	383161	0
CP142623.1	383161	383235	1
CP142623.1	383235	383588	0
CP142623.1	383588	383630	1
CP142623.1	383630	384090	0
CP142623.1	384090	384196	1
CP142623.1	384196	385047	0
CP142623.1	385047	385197	1
CP142623.1	385197	385301	0
CP142623.1	385301	385454	1
CP142623.1	385454	385455	0
CP142623.1	385455	385514	1
CP142623.1	385514	386174	0
CP142623.1	386174	386223	1
CP142623.1	386223	386253	0
CP142623.1	386253	386287	1
CP142623.1	386287	386290	0
CP142623.1	386290	386315	1
CP142623.1	386315	386392	2
CP142623.1	386392	386424	1
CP142623.1	386424	386429	0
CP142623.1	386429	386461	1
CP142623.1	386461	386464	0
CP142623.1	386464	386535	1
CP142623.1	386535	387768	0
CP142623.1	387768	387915	1
CP142623.1	387915	391063	0
CP142623.1	391063	391085	1
CP142623.1	391085	391087	0
CP142623.1	391087	391123	1
CP142623.1	391123	391287	0
CP142623.1	391287	391494	1
CP142623.1	391494	391923	0
CP142623.1	391923	391968	1
CP142623.1	391968	391983	0
CP142623.1	391983	392014	1
CP142623.1	392014	392015	0
CP142623.1	392015	392036	1
CP142623.1	392036	392037	0
CP142623.1	392037	392064	1
CP142623.1	392064	392942	0
CP142623.1	392942	392955	1
CP142623.1	392955	392957	0
CP142623.1	392957	393016	1
CP142623.1	393016	393048	2
CP142623.1	393048	393050	1
CP142623.1	393050	393063	2
CP142623.1	393063	393068	1
CP142623.1	393068	393069	0
CP142623.1	393069	393113	1
CP142623.1	393113	396497	0
CP142623.1	396497	396598	1
CP142623.1	396598	398470	0
CP142623.1	398470	398629	1
CP142623.1	398629	398860	0
CP142623.1	398860	398934	1
CP142623.1	398934	399038	0
CP142623.1	399038	399124	1
CP142623.1	399124	399917	0
CP142623.1	399917	399987	1
CP142623.1	399987	400060	0
CP142623.1	400060	400162	1
CP142623.1	400162	401500	0
CP142623.1	401500	401588	1
CP142623.1	401588	401603	0
CP142623.1	401603	401714	1
CP142623.1	401714	402256	0
CP142623.1	402256	402379	1
CP142623.1	402379	402381	0
CP142623.1	402381	402397	1
CP142623.1	402397	402869	0
CP142623.1	402869	402912	1
CP142623.1	402912	403123	0
CP142623.1	403123	403237	1
CP142623.1	403237	403312	0
CP142623.1	403312	403451	1
CP142623.1	403451	404478	0
CP142623.1	404478	404579	1
CP142623.1	404579	405346	0
CP142623.1	405346	405459	1
CP142623.1	405459	405720	0
CP142623.1	405720	405761	1
CP142623.1	405761	406564	0
CP142623.1	406564	406600	1
CP142623.1	406600	406636	2
CP142623.1	406636	406637	1
CP142623.1	406637	406674	2
CP142623.1	406674	406676	1
CP142623.1	406676	406698	2
CP142623.1	406698	406754	1
CP142623.1	406754	407445	0
CP142623.1	407445	407534	1
CP142623.1	407534	408097	0
CP142623.1	408097	408154	1
CP142623.1	408154	408157	0
CP142623.1	408157	408159	1
CP142623.1	408159	408174	2
CP142623.1	408174	408175	1
CP142623.1	408175	408232	2
CP142623.1	408232	408247	1
CP142623.1	408247	408251	0
CP142623.1	408251	408261	1
CP142623.1	408261	408591	0
CP142623.1	408591	408747	1
CP142623.1	408747	408749	0
CP142623.1	408749	408778	1
CP142623.1	408778	408822	0
CP142623.1	408822	408949	1
CP142623.1	408949	408963	0
CP142623.1	408963	408990	1
CP142623.1	408990	408991	0
CP142623.1	408991	409064	1
CP142623.1	409064	409397	0
CP142623.1	409397	409469	1
CP142623.1	409469	409477	0
CP142623.1	409477	409558	1
CP142623.1	409558	409615	0
CP142623.1	409615	409641	1
CP142623.1	409641	409642	0
CP142623.1	409642	409722	1
CP142623.1	409722	409898	0
CP142623.1	409898	409915	1
CP142623.1	409915	409925	2
CP142623.1	409925	409928	0
CP142623.1	409928	409993	2
CP142623.1	409993	409994	1
CP142623.1	409994	409996	2
CP142623.1	409996	409998	1
CP142623.1	409998	410026	2
CP142623.1	410026	410124	1
CP142623.1	410124	410125	0
CP142623.1	410125	410151	1
CP142623.1	410151	410153	0
CP142623.1	410153	410181	1
CP142623.1	410181	411317	0
CP142623.1	411317	411340	1
CP142623.1	411340	411341	0
CP142623.1	411341	411387	1
CP142623.1	411387	411388	0
CP142623.1	411388	411400	1
CP142623.1	411400	411401	0
CP142623.1	411401	411448	1
CP142623.1	411448	411604	0
CP142623.1	411604	411740	1
CP142623.1	411740	411741	0
CP142623.1	411741	411819	1
CP142623.1	411819	411820	0
CP142623.1	411820	411853	1
CP142623.1	411853	413764	0
CP142623.1	413764	413805	1
CP142623.1	413805	413826	0
CP142623.1	413826	413836	1
CP142623.1	413836	413837	0
CP142623.1	413837	413994	1
CP142623.1	413994	416409	0
CP142623.1	416409	416574	1
CP142623.1	416574	416631	2
CP142623.1	416631	416642	1
CP142623.1	416642	416991	0
CP142623.1	416991	417038	1
CP142623.1	417038	417386	0
CP142623.1	417386	417417	1
CP142623.1	417417	417440	2
CP142623.1	417440	417502	1
CP142623.1	417502	417658	0
CP142623.1	417658	417686	1
CP142623.1	417686	417698	2
CP142623.1	417698	417699	1
CP142623.1	417699	417769	2
CP142623.1	417769	417856	1
CP142623.1	417856	417982	0
CP142623.1	417982	418086	1
CP142623.1	418086	418172	0
CP142623.1	418172	418200	1
CP142623.1	418200	418201	0
CP142623.1	418201	418225	1
CP142623.1	418225	418226	0
CP142623.1	418226	418246	1
CP142623.1	418246	418250	0
CP142623.1	418250	418303	1
CP142623.1	418303	418696	0
CP142623.1	418696	418738	1
CP142623.1	418738	418740	0
CP142623.1	418740	418813	1
CP142623.1	418813	420658	0
CP142623.1	420658	420781	1
CP142623.1	420781	421704	0
CP142623.1	421704	421821	1
CP142623.1	421821	422098	0
CP142623.1	422098	422156	1
CP142623.1	422156	424249	0
CP142623.1	424249	424266	1
CP142623.1	424266	424267	0
CP142623.1	424267	424317	1
CP142623.1	424317	424918	0
CP142623.1	424918	425006	1
CP142623.1	425006	428565	0
CP142623.1	428565	428624	1
CP142623.1	428624	429439	0
CP142623.1	429439	429529	1
CP142623.1	429529	431900	0
CP142623.1	431900	431957	1
CP142623.1	431957	431960	0
CP142623.1	431960	431988	1
CP142623.1	431988	432097	0
CP142623.1	432097	432156	1
CP142623.1	432156	432170	0
CP142623.1	432170	432211	1
CP142623.1	432211	432305	0
CP142623.1	432305	432342	1
CP142623.1	432342	432452	0
CP142623.1	432452	432550	1
CP142623.1	432550	433089	0
CP142623.1	433089	433147	1
CP142623.1	433147	434481	0
CP142623.1	434481	434594	1
CP142623.1	434594	434599	0
CP142623.1	434599	434670	1
CP142623.1	434670	436700	0
CP142623.1	436700	436900	1
CP142623.1	436900	436931	0
CP142623.1	436931	437178	1
CP142623.1	437178	441461	0
CP142623.1	441461	441558	1
CP142623.1	441558	442952	0
CP142623.1	442952	443094	1
CP142623.1	443094	443313	0
CP142623.1	443313	443372	1
CP142623.1	443372	444523	0
CP142623.1	444523	444727	1
CP142623.1	444727	445272	0
CP142623.1	445272	445373	1
CP142623.1	445373	445827	0
CP142623.1	445827	445881	1
CP142623.1	445881	446915	0
CP142623.1	446915	447017	1
CP142623.1	447017	447897	0
CP142623.1	447897	447973	1
CP142623.1	447973	448621	0
CP142623.1	448621	448693	1
CP142623.1	448693	448847	0
CP142623.1	448847	449052	1
CP142623.1	449052	449553	0
CP142623.1	449553	449604	1
CP142623.1	449604	449611	2
CP142623.1	449611	449617	1
CP142623.1	449617	449618	0
CP142623.1	449618	449670	1
CP142623.1	449670	450482	0
CP142623.1	450482	450575	1
CP142623.1	450575	450576	0
CP142623.1	450576	450589	1
CP142623.1	450589	450590	0
CP142623.1	450590	450609	1
CP142623.1	450609	450774	0
CP142623.1	450774	450828	1
CP142623.1	450828	451028	0
CP142623.1	451028	451123	1
CP142623.1	451123	451765	0
CP142623.1	451765	451835	1
CP142623.1	451835	453107	0
CP142623.1	453107	453160	1
CP142623.1	453160	453163	0
CP142623.1	453163	453283	1
CP142623.1	453283	453748	0
CP142623.1	453748	453836	1
CP142623.1	453836	454431	0
CP142623.1	454431	454435	1
CP142623.1	454435	454486	2
CP142623.1	454486	454497	1
CP142623.1	454497	455581	0
CP142623.1	455581	455686	1
CP142623.1	455686	456066	0
CP142623.1	456066	456083	1
CP142623.1	456083	456084	0
CP142623.1	456084	456129	1
CP142623.1	456129	456631	0
CP142623.1	456631	456716	1
CP142623.1	456716	456726	2
CP142623.1	456726	456728	0
CP142623.1	456728	456772	1
CP142623.1	456772	457192	0
CP142623.1	457192	457258	1
CP142623.1	457258	457259	0
CP142623.1	457259	457346	1
CP142623.1	457346	457583	0
CP142623.1	457583	457689	1
CP142623.1	457689	458637	0
CP142623.1	458637	458708	1
CP142623.1	458708	458777	0
CP142623.1	458777	458929	1
CP142623.1	458929	459752	0
CP142623.1	459752	459922	1
CP142623.1	459922	460408	0
CP142623.1	460408	460476	1
CP142623.1	460476	460767	0
CP142623.1	460767	460881	1
CP142623.1	460881	461754	0
CP142623.1	461754	461808	1
CP142623.1	461808	462832	0
CP142623.1	462832	462976	1
CP142623.1	462976	464663	0
CP142623.1	464663	464785	1
CP142623.1	464785	465527	0
CP142623.1	465527	465669	1
CP142623.1	465669	466111	0
CP142623.1	466111	466160	1
CP142623.1	466160	466322	0
CP142623.1	466322	466398	1
CP142623.1	466398	467070	0
CP142623.1	467070	467134	1
CP142623.1	467134	467184	0
CP142623.1	467184	467256	1
CP142623.1	467256	467257	0
CP142623.1	467257	467286	1
CP142623.1	467286	468286	0
CP142623.1	468286	468348	1
CP142623.1	468348	468349	0
CP142623.1	468349	468425	1
CP142623.1	468425	468431	2
CP142623.1	468431	468571	1
CP142623.1	468571	470393	0
CP142623.1	470393	470494	1
CP142623.1	470494	471313	0
CP142623.1	471313	471389	1
CP142623.1	471389	477040	0
CP142623.1	477040	477114	1
CP142623.1	477114	477330	0
CP142623.1	477330	477392	1
CP142623.1	477392	477486	0
CP142623.1	477486	477584	1
CP142623.1	477584	478699	0
CP142623.1	478699	478829	1
CP142623.1	478829	480249	0
CP142623.1	480249	480261	1
CP142623.1	480261	480361	2
CP142623.1	480361	480421	1
CP142623.1	480421	480805	0
CP142623.1	480805	480927	1
CP142623.1	480927	484819	0
CP142623.1	484819	484837	1
CP142623.1	484837	484838	0
CP142623.1	484838	484894	1
CP142623.1	484894	484990	0
CP142623.1	484990	485136	1
CP142623.1	485136	489072	0
CP142623.1	489072	489172	1
CP142623.1	489172	489201	0
CP142623.1	489201	489242	1
CP142623.1	489242	489243	0
CP142623.1	489243	489301	1
CP142623.1	489301	491180	0
CP142623.1	491180	491229	1
CP142623.1	491229	491230	0
CP142623.1	491230	491377	1
CP142623.1	491377	493190	0
CP142623.1	493190	493227	1
CP142623.1	493227	493229	0
CP142623.1	493229	493284	1
CP142623.1	493284	494547	0
CP142623.1	494547	494618	1
CP142623.1	494618	496597	0
CP142623.1	496597	496658	1
CP142623.1	496658	497433	0
CP142623.1	497433	497511	1
CP142623.1	497511	500734	0
CP142623.1	500734	500811	1
CP142623.1	500811	502863	0
CP142623.1	502863	502898	1
CP142623.1	502898	502936	2
CP142623.1	502936	502972	1
CP142623.1	502972	507504	0
CP142623.1	507504	507659	1
CP142623.1	507659	508581	0
CP142623.1	508581	508635	1
CP142623.1	508635	509415	0
CP142623.1	509415	509436	1
CP142623.1	509436	509479	2
CP142623.1	509479	509517	1
CP142623.1	509517	509539	2
CP142623.1	509539	509543	1
CP142623.1	509543	509594	2
CP142623.1	509594	509628	1
CP142623.1	509628	509854	0
CP142623.1	509854	509924	1
CP142623.1	509924	509925	0
CP142623.1	509925	509941	1
CP142623.1	509941	509943	2
CP142623.1	509943	509944	1
CP142623.1	509944	509947	2
CP142623.1	509947	509948	0
CP142623.1	509948	510017	2
CP142623.1	510017	510020	1
CP142623.1	510020	510021	2
CP142623.1	510021	510071	1
CP142623.1	510071	511727	0
CP142623.1	511727	511848	1
CP142623.1	511848	511850	0
CP142623.1	511850	511886	1
CP142623.1	511886	513239	0
CP142623.1	513239	513272	1
CP142623.1	513272	513302	2
CP142623.1	513302	513384	1
CP142623.1	513384	513582	0
CP142623.1	513582	513660	1
CP142623.1	513660	513673	0
CP142623.1	513673	513794	1
CP142623.1	513794	514179	0
CP142623.1	514179	514349	1
CP142623.1	514349	514368	2
CP142623.1	514368	514400	1
CP142623.1	514400	516200	0
CP142623.1	516200	516304	1
CP142623.1	516304	516799	0
CP142623.1	516799	516922	1
CP142623.1	516922	518188	0
CP142623.1	518188	518200	1
CP142623.1	518200	518201	0
CP142623.1	518201	518219	1
CP142623.1	518219	518220	0
CP142623.1	518220	518246	1
CP142623.1	518246	518261	0
CP142623.1	518261	518355	1
CP142623.1	518355	519871	0
CP142623.1	519871	519874	1
CP142623.1	519874	519875	0
CP142623.1	519875	519984	1
CP142623.1	519984	520406	0
CP142623.1	520406	520557	1
CP142623.1	520557	521281	0
CP142623.1	521281	521307	1
CP142623.1	521307	521308	0
CP142623.1	521308	521378	1
CP142623.1	521378	521857	0
CP142623.1	521857	521955	1
CP142623.1	521955	521960	0
CP142623.1	521960	522100	1
CP142623.1	522100	523262	0
CP142623.1	523262	523363	1
CP142623.1	523363	523364	0
CP142623.1	523364	523386	1
CP142623.1	523386	523532	0
CP142623.1	523532	523617	1
CP142623.1	523617	525291	0
CP142623.1	525291	525397	1
CP142623.1	525397	526238	0
CP142623.1	526238	526270	1
CP142623.1	526270	526284	2
CP142623.1	526284	526326	1
CP142623.1	526326	526358	2
CP142623.1	526358	526442	1
CP142623.1	526442	526632	0
CP142623.1	526632	526757	1
CP142623.1	526757	527175	0
CP142623.1	527175	527234	1
CP142623.1	527234	527381	0
CP142623.1	527381	527456	1
CP142623.1	527456	527494	0
CP142623.1	527494	527701	1
CP142623.1	527701	527941	0
CP142623.1	527941	527983	1
CP142623.1	527983	530234	0
CP142623.1	530234	530332	1
CP142623.1	530332	531366	0
CP142623.1	531366	531442	1
CP142623.1	531442	531487	2
CP142623.1	531487	531517	1
CP142623.1	531517	532767	0
CP142623.1	532767	532816	1
CP142623.1	532816	535093	0
CP142623.1	535093	535107	1
CP142623.1	535107	535108	0
CP142623.1	535108	535200	1
CP142623.1	535200	535202	0
CP142623.1	535202	535211	1
CP142623.1	535211	535916	0
CP142623.1	535916	536069	1
CP142623.1	536069	537246	0
CP142623.1	537246	537319	1
CP142623.1	537319	539141	0
CP142623.1	539141	539238	1
CP142623.1	539238	539501	0
CP142623.1	539501	539586	1
CP142623.1	539586	539745	0
CP142623.1	539745	539885	1
CP142623.1	539885	540222	0
CP142623.1	540222	540259	1
CP142623.1	540259	540262	0
CP142623.1	540262	540272	1
CP142623.1	540272	540273	0
CP142623.1	540273	540371	1
CP142623.1	540371	540709	0
CP142623.1	540709	540719	1
CP142623.1	540719	540720	0
CP142623.1	540720	540828	1
CP142623.1	540828	541359	0
CP142623.1	541359	541464	1
CP142623.1	541464	542302	0
CP142623.1	542302	542402	1
CP142623.1	542402	542693	0
CP142623.1	542693	542767	1
CP142623.1	542767	543833	0
CP142623.1	543833	543869	1
CP142623.1	543869	544885	0
CP142623.1	544885	544923	1
CP142623.1	544923	544925	0
CP142623.1	544925	545042	1
CP142623.1	545042	545174	0
CP142623.1	545174	545340	1
CP142623.1	545340	546531	0
CP142623.1	546531	546557	1
CP142623.1	546557	546559	0
CP142623.1	546559	546596	1
CP142623.1	546596	546599	0
CP142623.1	546599	546720	1
CP142623.1	546720	548554	0
CP142623.1	548554	548604	1
CP142623.1	548604	548605	0
CP142623.1	548605	548697	1
CP142623.1	548697	548701	0
CP142623.1	548701	548752	1
CP142623.1	548752	552463	0
CP142623.1	552463	552565	1
CP142623.1	552565	554471	0
CP142623.1	554471	554542	1
CP142623.1	554542	554543	0
CP142623.1	554543	554617	1
CP142623.1	554617	554874	0
CP142623.1	554874	554975	1
CP142623.1	554975	554978	0
CP142623.1	554978	555006	1
CP142623.1	555006	555641	0
CP142623.1	555641	555694	1
CP142623.1	555694	558409	0
CP142623.1	558409	558459	1
CP142623.1	558459	558460	0
CP142623.1	558460	558546	1
CP142623.1	558546	561730	0
CP142623.1	561730	561830	1
CP142623.1	561830	562700	0
CP142623.1	562700	562737	1
CP142623.1	562737	562743	0
CP142623.1	562743	562935	1
CP142623.1	562935	563594	0
CP142623.1	563594	563666	1
CP142623.1	563666	563751	0
CP142623.1	563751	563780	1
CP142623.1	563780	563781	0
CP142623.1	563781	563819	1
CP142623.1	563819	563820	0
CP142623.1	563820	563846	1
CP142623.1	563846	565463	0
CP142623.1	565463	565580	1
CP142623.1	565580	565783	0
CP142623.1	565783	565806	1
CP142623.1	565806	565809	0
CP142623.1	565809	565830	1
CP142623.1	565830	565831	0
CP142623.1	565831	565862	1
CP142623.1	565862	565863	0
CP142623.1	565863	565875	1
CP142623.1	565875	565878	0
CP142623.1	565878	565899	1
CP142623.1	565899	565901	0
CP142623.1	565901	565962	1
CP142623.1	565962	566486	0
CP142623.1	566486	566597	1
CP142623.1	566597	567662	0
CP142623.1	567662	567663	1
CP142623.1	567663	567714	2
CP142623.1	567714	567716	1
CP142623.1	567716	567726	2
CP142623.1	567726	567728	1
CP142623.1	567728	567750	2
CP142623.1	567750	567758	1
CP142623.1	567758	567866	0
CP142623.1	567866	567909	1
CP142623.1	567909	568351	0
CP142623.1	568351	568396	1
CP142623.1	568396	568425	0
CP142623.1	568425	568523	1
CP142623.1	568523	568932	0
CP142623.1	568932	568981	1
CP142623.1	568981	569421	0
CP142623.1	569421	569449	1
CP142623.1	569449	569450	0
CP142623.1	569450	569502	1
CP142623.1	569502	569503	0
CP142623.1	569503	569534	1
CP142623.1	569534	569535	0
CP142623.1	569535	569563	1
CP142623.1	569563	569634	0
CP142623.1	569634	569701	1
CP142623.1	569701	569753	2
CP142623.1	569753	569757	1
CP142623.1	569757	569758	0
CP142623.1	569758	569839	1
CP142623.1	569839	569845	0
CP142623.1	569845	569900	1
CP142623.1	569900	569901	0
CP142623.1	569901	570014	1
CP142623.1	570014	570776	0
CP142623.1	570776	570874	1
CP142623.1	570874	570907	0
CP142623.1	570907	571031	1
CP142623.1	571031	571302	0
CP142623.1	571302	571454	1
CP142623.1	571454	571641	0
CP142623.1	571641	571685	1
CP142623.1	571685	571686	0
CP142623.1	571686	571714	1
CP142623.1	571714	571909	0
CP142623.1	571909	572041	1
CP142623.1	572041	572424	0
CP142623.1	572424	572537	1
CP142623.1	572537	572562	2
CP142623.1	572562	572584	1
CP142623.1	572584	572586	2
CP142623.1	572586	572594	1
CP142623.1	572594	572604	2
CP142623.1	572604	572663	1
CP142623.1	572663	572801	0
CP142623.1	572801	572876	1
CP142623.1	572876	575734	0
CP142623.1	575734	575820	1
CP142623.1	575820	575939	0
CP142623.1	575939	575974	1
CP142623.1	575974	576117	0
CP142623.1	576117	576133	1
CP142623.1	576133	576134	0
CP142623.1	576134	576196	1
CP142623.1	576196	576197	0
CP142623.1	576197	576258	1
CP142623.1	576258	576295	2
CP142623.1	576295	576382	1
CP142623.1	576382	576383	0
CP142623.1	576383	576541	1
CP142623.1	576541	577220	0
CP142623.1	577220	577365	1
CP142623.1	577365	578599	0
CP142623.1	578599	578655	1
CP142623.1	578655	578656	0
CP142623.1	578656	578689	1
CP142623.1	578689	579326	0
CP142623.1	579326	579403	1
CP142623.1	579403	579856	0
CP142623.1	579856	579915	1
CP142623.1	579915	580508	0
CP142623.1	580508	580630	1
CP142623.1	580630	583212	0
CP142623.1	583212	583275	1
CP142623.1	583275	585923	0
CP142623.1	585923	585945	1
CP142623.1	585945	585946	0
CP142623.1	585946	585961	1
CP142623.1	585961	585962	0
CP142623.1	585962	586071	1
CP142623.1	586071	586860	0
CP142623.1	586860	587017	1
CP142623.1	587017	587037	0
CP142623.1	587037	587105	1
CP142623.1	587105	587108	0
CP142623.1	587108	587190	1
CP142623.1	587190	587222	0
CP142623.1	587222	587225	1
CP142623.1	587225	587282	2
CP142623.1	587282	587384	1
CP142623.1	587384	588607	0
CP142623.1	588607	588648	1
CP142623.1	588648	588649	0
CP142623.1	588649	588741	1
CP142623.1	588741	588764	0
CP142623.1	588764	588862	1
CP142623.1	588862	589417	0
CP142623.1	589417	589454	1
CP142623.1	589454	589558	0
CP142623.1	589558	589588	1
CP142623.1	589588	589591	0
CP142623.1	589591	589673	1
CP142623.1	589673	590088	0
CP142623.1	590088	590199	1
CP142623.1	590199	590200	0
CP142623.1	590200	590214	1
CP142623.1	590214	591786	0
CP142623.1	591786	591838	1
CP142623.1	591838	592284	0
CP142623.1	592284	592374	1
CP142623.1	592374	592488	0
CP142623.1	592488	592569	1
CP142623.1	592569	592609	2
CP142623.1	592609	592702	1
CP142623.1	592702	593191	0
CP142623.1	593191	593319	1
CP142623.1	593319	593797	0
CP142623.1	593797	593843	1
CP142623.1	593843	593947	0
CP142623.1	593947	594093	1
CP142623.1	594093	595355	0
CP142623.1	595355	595431	1
CP142623.1	595431	595432	0
CP142623.1	595432	595436	1
CP142623.1	595436	595440	0
CP142623.1	595440	595560	1
CP142623.1	595560	596616	0
CP142623.1	596616	596648	1
CP142623.1	596648	596708	2
CP142623.1	596708	596745	1
CP142623.1	596745	597860	0
CP142623.1	597860	597945	1
CP142623.1	597945	597960	2
CP142623.1	597960	597998	1
CP142623.1	597998	597999	0
CP142623.1	597999	598014	1
CP142623.1	598014	598017	0
CP142623.1	598017	598032	1
CP142623.1	598032	598163	0
CP142623.1	598163	598299	1
CP142623.1	598299	598708	0
CP142623.1	598708	598802	1
CP142623.1	598802	598804	0
CP142623.1	598804	598839	1
CP142623.1	598839	598842	0
CP142623.1	598842	598861	1
CP142623.1	598861	598865	0
CP142623.1	598865	598917	1
CP142623.1	598917	599715	0
CP142623.1	599715	599794	1
CP142623.1	599794	600139	0
CP142623.1	600139	600191	1
CP142623.1	600191	600425	0
CP142623.1	600425	600522	1
CP142623.1	600522	600527	2
CP142623.1	600527	600556	3
CP142623.1	600556	600557	1
CP142623.1	600557	600606	3
CP142623.1	600606	600607	0
CP142623.1	600607	600626	3
CP142623.1	600626	600630	2
CP142623.1	600630	600659	1
CP142623.1	600659	600661	0
CP142623.1	600661	600695	1
CP142623.1	600695	600814	0
CP142623.1	600814	600888	1
CP142623.1	600888	601023	0
CP142623.1	601023	601110	1
CP142623.1	601110	601111	0
CP142623.1	601111	601119	1
CP142623.1	601119	602458	0
CP142623.1	602458	602490	1
CP142623.1	602490	602492	0
CP142623.1	602492	602563	1
CP142623.1	602563	603851	0
CP142623.1	603851	603908	1
CP142623.1	603908	604186	0
CP142623.1	604186	604307	1
CP142623.1	604307	604309	0
CP142623.1	604309	604352	1
CP142623.1	604352	605705	0
CP142623.1	605705	605826	1
CP142623.1	605826	606139	0
CP142623.1	606139	606215	1
CP142623.1	606215	606447	0
CP142623.1	606447	606504	1
CP142623.1	606504	606505	0
CP142623.1	606505	606611	1
CP142623.1	606611	607619	0
CP142623.1	607619	607670	1
CP142623.1	607670	608031	0
CP142623.1	608031	608137	1
CP142623.1	608137	610891	0
CP142623.1	610891	611037	1
CP142623.1	611037	611403	0
CP142623.1	611403	611464	1
CP142623.1	611464	611465	0
CP142623.1	611465	611530	1
CP142623.1	611530	612897	0
CP142623.1	612897	612952	1
CP142623.1	612952	613382	0
CP142623.1	613382	613491	1
CP142623.1	613491	613492	0
CP142623.1	613492	613531	1
CP142623.1	613531	613557	2
CP142623.1	613557	613563	3
CP142623.1	613563	613604	2
CP142623.1	613604	613605	1
CP142623.1	613605	613624	2
CP142623.1	613624	613642	1
CP142623.1	613642	613705	2
CP142623.1	613705	613724	3
CP142623.1	613724	613794	2
CP142623.1	613794	613928	1
CP142623.1	613928	615894	0
CP142623.1	615894	616011	1
CP142623.1	616011	616161	0
CP142623.1	616161	616301	1
CP142623.1	616301	616429	0
CP142623.1	616429	616491	1
CP142623.1	616491	617189	0
CP142623.1	617189	617236	1
CP142623.1	617236	619571	0
CP142623.1	619571	619654	1
CP142623.1	619654	619899	0
CP142623.1	619899	619978	1
CP142623.1	619978	620200	0
CP142623.1	620200	620270	1
CP142623.1	620270	622525	0
CP142623.1	622525	622624	1
CP142623.1	622624	622952	0
CP142623.1	622952	623066	1
CP142623.1	623066	623641	0
CP142623.1	623641	623706	1
CP142623.1	623706	623709	0
CP142623.1	623709	623764	1
CP142623.1	623764	625894	0
CP142623.1	625894	626022	1
CP142623.1	626022	626560	0
CP142623.1	626560	626616	1
CP142623.1	626616	626873	0
CP142623.1	626873	626949	1
CP142623.1	626949	626952	0
CP142623.1	626952	626968	1
CP142623.1	626968	627362	0
CP142623.1	627362	627412	1
CP142623.1	627412	627549	0
CP142623.1	627549	627594	1
CP142623.1	627594	627595	0
CP142623.1	627595	627603	1
CP142623.1	627603	627638	2
CP142623.1	627638	627667	1
CP142623.1	627667	627737	0
CP142623.1	627737	627783	1
CP142623.1	627783	627784	0
CP142623.1	627784	627820	1
CP142623.1	627820	628043	0
CP142623.1	628043	628108	1
CP142623.1	628108	629085	0
CP142623.1	629085	629185	1
CP142623.1	629185	629486	0
CP142623.1	629486	629541	1
CP142623.1	629541	630043	0
CP142623.1	630043	630084	1
CP142623.1	630084	631545	0
