CP142610.1	0	6454	0
CP142610.1	6454	6506	1
CP142610.1	6506	11585	0
CP142610.1	11585	11592	1
CP142610.1	11592	11593	0
CP142610.1	11593	11622	1
CP142610.1	11622	11624	0
CP142610.1	11624	11697	1
CP142610.1	11697	12007	0
CP142610.1	12007	12104	1
CP142610.1	12104	13406	0
CP142610.1	13406	13469	1
CP142610.1	13469	14267	0
CP142610.1	14267	14288	1
CP142610.1	14288	14289	0
CP142610.1	14289	14325	1
CP142610.1	14325	14326	0
CP142610.1	14326	14356	1
CP142610.1	14356	14751	0
CP142610.1	14751	14855	1
CP142610.1	14855	15436	0
CP142610.1	15436	15511	1
CP142610.1	15511	15604	0
CP142610.1	15604	15670	1
CP142610.1	15670	17647	0
CP142610.1	17647	17772	1
CP142610.1	17772	17813	2
CP142610.1	17813	17869	1
CP142610.1	17869	18948	0
CP142610.1	18948	18998	1
CP142610.1	18998	21594	0
CP142610.1	21594	21633	1
CP142610.1	21633	21650	0
CP142610.1	21650	21707	1
CP142610.1	21707	21726	0
CP142610.1	21726	21809	1
CP142610.1	21809	22755	0
CP142610.1	22755	22812	1
CP142610.1	22812	23440	0
CP142610.1	23440	23473	1
CP142610.1	23473	23483	0
CP142610.1	23483	23516	1
CP142610.1	23516	25153	0
CP142610.1	25153	25238	1
CP142610.1	25238	25288	0
CP142610.1	25288	25300	1
CP142610.1	25300	25302	0
CP142610.1	25302	25456	1
CP142610.1	25456	25849	0
CP142610.1	25849	25880	1
CP142610.1	25880	25897	2
CP142610.1	25897	25945	1
CP142610.1	25945	25957	0
CP142610.1	25957	26021	1
CP142610.1	26021	26493	0
CP142610.1	26493	26590	1
CP142610.1	26590	27654	0
CP142610.1	27654	27744	1
CP142610.1	27744	27745	0
CP142610.1	27745	27767	1
CP142610.1	27767	27848	0
CP142610.1	27848	27950	1
CP142610.1	27950	30140	0
CP142610.1	30140	30246	1
CP142610.1	30246	30279	0
CP142610.1	30279	30399	1
CP142610.1	30399	30422	0
CP142610.1	30422	30521	1
CP142610.1	30521	30522	0
CP142610.1	30522	30642	1
CP142610.1	30642	32677	0
CP142610.1	32677	32756	1
CP142610.1	32756	34975	0
CP142610.1	34975	35013	1
CP142610.1	35013	37597	0
CP142610.1	37597	37687	1
CP142610.1	37687	37783	2
CP142610.1	37783	37785	1
CP142610.1	37785	37786	0
CP142610.1	37786	37826	1
CP142610.1	37826	38120	0
CP142610.1	38120	38216	1
CP142610.1	38216	39939	0
CP142610.1	39939	39965	1
CP142610.1	39965	39966	0
CP142610.1	39966	39994	1
CP142610.1	39994	40389	0
CP142610.1	40389	40474	1
CP142610.1	40474	40475	0
CP142610.1	40475	40566	1
CP142610.1	40566	42235	0
CP142610.1	42235	42300	1
CP142610.1	42300	42301	0
CP142610.1	42301	42350	1
CP142610.1	42350	42666	0
CP142610.1	42666	42687	1
CP142610.1	42687	42688	0
CP142610.1	42688	42830	1
CP142610.1	42830	42856	0
CP142610.1	42856	42934	1
CP142610.1	42934	42935	0
CP142610.1	42935	42938	1
CP142610.1	42938	46116	0
CP142610.1	46116	46215	1
CP142610.1	46215	46334	0
CP142610.1	46334	46374	1
CP142610.1	46374	47123	0
CP142610.1	47123	47214	1
CP142610.1	47214	47215	0
CP142610.1	47215	47248	1
CP142610.1	47248	47914	0
CP142610.1	47914	48020	1
CP142610.1	48020	48021	0
CP142610.1	48021	48053	1
CP142610.1	48053	48399	0
CP142610.1	48399	48453	1
CP142610.1	48453	48483	2
CP142610.1	48483	48507	1
CP142610.1	48507	49197	0
CP142610.1	49197	49226	1
CP142610.1	49226	49255	2
CP142610.1	49255	49299	1
CP142610.1	49299	51961	0
CP142610.1	51961	52031	1
CP142610.1	52031	52102	0
CP142610.1	52102	52144	1
CP142610.1	52144	52150	0
CP142610.1	52150	52234	1
CP142610.1	52234	53478	0
CP142610.1	53478	53505	1
CP142610.1	53505	53506	0
CP142610.1	53506	53577	1
CP142610.1	53577	53579	0
CP142610.1	53579	53606	1
CP142610.1	53606	56776	0
CP142610.1	56776	56848	1
CP142610.1	56848	59823	0
CP142610.1	59823	59970	1
CP142610.1	59970	60464	0
CP142610.1	60464	60480	1
CP142610.1	60480	60483	0
CP142610.1	60483	60534	1
CP142610.1	60534	61099	0
CP142610.1	61099	61144	1
CP142610.1	61144	61849	0
CP142610.1	61849	61912	1
CP142610.1	61912	62199	0
CP142610.1	62199	62255	1
CP142610.1	62255	64523	0
CP142610.1	64523	64590	1
CP142610.1	64590	65115	0
CP142610.1	65115	65156	1
CP142610.1	65156	66034	0
CP142610.1	66034	66074	1
CP142610.1	66074	66918	0
CP142610.1	66918	66944	1
CP142610.1	66944	66945	0
CP142610.1	66945	66979	1
CP142610.1	66979	66995	0
CP142610.1	66995	67177	1
CP142610.1	67177	69271	0
CP142610.1	69271	69387	1
CP142610.1	69387	70988	0
CP142610.1	70988	71012	1
CP142610.1	71012	71013	0
CP142610.1	71013	71062	1
CP142610.1	71062	71607	0
CP142610.1	71607	71709	1
CP142610.1	71709	71710	0
CP142610.1	71710	71775	1
CP142610.1	71775	72067	0
CP142610.1	72067	72138	1
CP142610.1	72138	72139	0
CP142610.1	72139	72178	1
CP142610.1	72178	72920	0
CP142610.1	72920	73050	1
CP142610.1	73050	73841	0
CP142610.1	73841	73925	1
CP142610.1	73925	73927	0
CP142610.1	73927	73931	1
CP142610.1	73931	78198	0
CP142610.1	78198	78270	1
CP142610.1	78270	78271	0
CP142610.1	78271	78348	1
CP142610.1	78348	78349	0
CP142610.1	78349	78373	1
CP142610.1	78373	78375	0
CP142610.1	78375	78406	1
CP142610.1	78406	78409	0
CP142610.1	78409	78418	1
CP142610.1	78418	79851	0
CP142610.1	79851	79890	1
CP142610.1	79890	79892	0
CP142610.1	79892	79913	1
CP142610.1	79913	79914	0
CP142610.1	79914	80016	1
CP142610.1	80016	81725	0
CP142610.1	81725	81787	1
CP142610.1	81787	82929	0
CP142610.1	82929	82996	1
CP142610.1	82996	83227	0
CP142610.1	83227	83270	1
CP142610.1	83270	83281	0
CP142610.1	83281	83385	1
CP142610.1	83385	83467	0
CP142610.1	83467	83594	1
CP142610.1	83594	84299	0
CP142610.1	84299	84357	1
CP142610.1	84357	89156	0
CP142610.1	89156	89227	1
CP142610.1	89227	90819	0
CP142610.1	90819	90912	1
CP142610.1	90912	91923	0
CP142610.1	91923	91954	1
CP142610.1	91954	91956	2
CP142610.1	91956	91959	1
CP142610.1	91959	91981	2
CP142610.1	91981	91982	1
CP142610.1	91982	92005	2
CP142610.1	92005	92021	1
CP142610.1	92021	92022	0
CP142610.1	92022	92087	1
CP142610.1	92087	93682	0
CP142610.1	93682	93836	1
CP142610.1	93836	94628	0
CP142610.1	94628	94676	1
CP142610.1	94676	94715	2
CP142610.1	94715	94716	1
CP142610.1	94716	94723	2
CP142610.1	94723	94804	1
CP142610.1	94804	94898	0
CP142610.1	94898	94996	1
CP142610.1	94996	95032	2
CP142610.1	95032	95033	1
CP142610.1	95033	95077	0
CP142610.1	95077	95129	1
CP142610.1	95129	95131	0
CP142610.1	95131	95177	1
CP142610.1	95177	95186	0
CP142610.1	95186	95191	1
CP142610.1	95191	95194	0
CP142610.1	95194	95248	1
CP142610.1	95248	96021	0
CP142610.1	96021	96127	1
CP142610.1	96127	96517	0
CP142610.1	96517	96557	1
CP142610.1	96557	100750	0
CP142610.1	100750	100794	1
CP142610.1	100794	100919	0
CP142610.1	100919	101011	1
CP142610.1	101011	101309	0
CP142610.1	101309	101363	1
CP142610.1	101363	102630	0
CP142610.1	102630	102732	1
CP142610.1	102732	102997	0
CP142610.1	102997	103070	1
CP142610.1	103070	103146	0
CP142610.1	103146	103224	1
CP142610.1	103224	103265	0
CP142610.1	103265	103290	1
CP142610.1	103290	103296	0
CP142610.1	103296	103324	1
CP142610.1	103324	103327	0
CP142610.1	103327	103350	1
CP142610.1	103350	103353	0
CP142610.1	103353	103369	1
CP142610.1	103369	103904	0
CP142610.1	103904	104007	1
CP142610.1	104007	108249	0
CP142610.1	108249	108345	1
CP142610.1	108345	110260	0
CP142610.1	110260	110353	1
CP142610.1	110353	110354	0
CP142610.1	110354	110377	1
CP142610.1	110377	110914	0
CP142610.1	110914	110954	1
CP142610.1	110954	110957	0
CP142610.1	110957	110987	1
CP142610.1	110987	112145	0
CP142610.1	112145	112198	1
CP142610.1	112198	112202	0
CP142610.1	112202	112210	1
CP142610.1	112210	112211	0
CP142610.1	112211	112232	1
CP142610.1	112232	113209	0
CP142610.1	113209	113244	1
CP142610.1	113244	114837	0
CP142610.1	114837	114871	1
CP142610.1	114871	114872	0
CP142610.1	114872	114921	1
CP142610.1	114921	116290	0
CP142610.1	116290	116401	1
CP142610.1	116401	116670	0
CP142610.1	116670	116762	1
CP142610.1	116762	116855	0
CP142610.1	116855	116867	1
CP142610.1	116867	116903	2
CP142610.1	116903	117362	0
CP142610.1	117362	117508	1
CP142610.1	117508	123695	0
CP142610.1	123695	123751	1
CP142610.1	123751	126239	0
CP142610.1	126239	126353	1
CP142610.1	126353	127305	0
CP142610.1	127305	127372	1
CP142610.1	127372	128300	0
CP142610.1	128300	128458	1
CP142610.1	128458	130681	0
CP142610.1	130681	130796	1
CP142610.1	130796	131545	0
CP142610.1	131545	131638	1
CP142610.1	131638	131661	2
CP142610.1	131661	131662	1
CP142610.1	131662	131687	2
CP142610.1	131687	131732	1
CP142610.1	131732	134095	0
CP142610.1	134095	134113	1
CP142610.1	134113	134226	2
CP142610.1	134226	134235	1
CP142610.1	134235	139524	0
CP142610.1	139524	139573	1
CP142610.1	139573	139947	0
CP142610.1	139947	139989	1
CP142610.1	139989	140639	0
CP142610.1	140639	140737	1
CP142610.1	140737	140847	0
CP142610.1	140847	140972	1
CP142610.1	140972	141520	0
CP142610.1	141520	141548	1
CP142610.1	141548	141618	2
CP142610.1	141618	141626	1
CP142610.1	141626	142202	0
CP142610.1	142202	142302	1
CP142610.1	142302	146578	0
CP142610.1	146578	146653	1
CP142610.1	146653	146659	0
CP142610.1	146659	146670	1
CP142610.1	146670	146673	0
CP142610.1	146673	146755	1
CP142610.1	146755	146768	0
CP142610.1	146768	146920	1
CP142610.1	146920	147360	0
CP142610.1	147360	147506	1
CP142610.1	147506	147507	0
CP142610.1	147507	147555	1
CP142610.1	147555	149718	0
CP142610.1	149718	149814	1
CP142610.1	149814	150781	0
CP142610.1	150781	150843	1
CP142610.1	150843	150858	0
CP142610.1	150858	150887	1
CP142610.1	150887	151782	0
CP142610.1	151782	151936	1
CP142610.1	151936	156165	0
CP142610.1	156165	156292	1
CP142610.1	156292	156619	0
CP142610.1	156619	156654	1
CP142610.1	156654	156655	0
CP142610.1	156655	156744	1
CP142610.1	156744	157090	0
CP142610.1	157090	157168	1
CP142610.1	157168	157697	0
CP142610.1	157697	157767	1
CP142610.1	157767	157988	0
CP142610.1	157988	158056	1
CP142610.1	158056	162644	0
CP142610.1	162644	162711	1
CP142610.1	162711	163036	0
CP142610.1	163036	163135	1
CP142610.1	163135	164848	0
CP142610.1	164848	164905	1
CP142610.1	164905	165272	0
CP142610.1	165272	165349	1
CP142610.1	165349	165454	0
CP142610.1	165454	165507	1
CP142610.1	165507	166032	0
CP142610.1	166032	166042	1
CP142610.1	166042	166045	0
CP142610.1	166045	166101	1
CP142610.1	166101	166268	0
CP142610.1	166268	166414	1
CP142610.1	166414	166610	0
CP142610.1	166610	166626	1
CP142610.1	166626	166627	0
CP142610.1	166627	166695	1
CP142610.1	166695	166840	0
CP142610.1	166840	166895	1
CP142610.1	166895	166906	0
CP142610.1	166906	166935	1
CP142610.1	166935	167619	0
CP142610.1	167619	167695	1
CP142610.1	167695	168911	0
CP142610.1	168911	168965	1
CP142610.1	168965	169733	0
CP142610.1	169733	169838	1
CP142610.1	169838	169839	0
CP142610.1	169839	169879	1
CP142610.1	169879	170352	0
CP142610.1	170352	170426	1
CP142610.1	170426	171028	0
CP142610.1	171028	171165	1
CP142610.1	171165	171229	2
CP142610.1	171229	171252	1
CP142610.1	171252	171412	0
CP142610.1	171412	171508	1
CP142610.1	171508	171525	0
CP142610.1	171525	171619	1
CP142610.1	171619	171643	0
CP142610.1	171643	171723	1
CP142610.1	171723	172969	0
CP142610.1	172969	173029	1
CP142610.1	173029	173032	0
CP142610.1	173032	173091	1
CP142610.1	173091	173133	2
CP142610.1	173133	173171	1
CP142610.1	173171	174353	0
CP142610.1	174353	174421	1
CP142610.1	174421	175470	0
CP142610.1	175470	175512	1
CP142610.1	175512	175529	0
CP142610.1	175529	175620	1
CP142610.1	175620	175632	0
CP142610.1	175632	175713	1
CP142610.1	175713	175714	0
CP142610.1	175714	175729	1
CP142610.1	175729	178183	0
CP142610.1	178183	178279	1
CP142610.1	178279	178280	0
CP142610.1	178280	178288	1
CP142610.1	178288	178978	0
CP142610.1	178978	178979	1
CP142610.1	178979	179029	2
CP142610.1	179029	179077	1
CP142610.1	179077	181009	0
CP142610.1	181009	181136	1
CP142610.1	181136	181139	0
CP142610.1	181139	181191	1
CP142610.1	181191	181291	0
CP142610.1	181291	181391	1
CP142610.1	181391	181493	0
CP142610.1	181493	181540	1
CP142610.1	181540	181543	0
CP142610.1	181543	181613	1
CP142610.1	181613	182284	0
CP142610.1	182284	182356	1
CP142610.1	182356	184540	0
CP142610.1	184540	184670	1
CP142610.1	184670	184720	0
CP142610.1	184720	184831	1
CP142610.1	184831	185116	0
CP142610.1	185116	185258	1
CP142610.1	185258	185261	0
CP142610.1	185261	185335	1
CP142610.1	185335	185348	2
CP142610.1	185348	185481	1
CP142610.1	185481	186991	0
CP142610.1	186991	187069	1
CP142610.1	187069	187102	2
CP142610.1	187102	187121	1
CP142610.1	187121	187292	0
CP142610.1	187292	187403	1
CP142610.1	187403	188021	0
CP142610.1	188021	188073	1
CP142610.1	188073	188088	0
CP142610.1	188088	188139	1
CP142610.1	188139	189446	0
CP142610.1	189446	189514	1
CP142610.1	189514	189944	0
CP142610.1	189944	190036	1
CP142610.1	190036	190657	0
CP142610.1	190657	190695	1
CP142610.1	190695	190696	0
CP142610.1	190696	190728	1
CP142610.1	190728	192049	0
CP142610.1	192049	192169	1
CP142610.1	192169	192680	0
CP142610.1	192680	192835	1
CP142610.1	192835	193100	0
CP142610.1	193100	193218	1
CP142610.1	193218	193659	0
CP142610.1	193659	193717	1
CP142610.1	193717	194157	0
CP142610.1	194157	194292	1
CP142610.1	194292	194517	0
CP142610.1	194517	194578	1
CP142610.1	194578	195069	0
CP142610.1	195069	195168	1
CP142610.1	195168	195693	0
CP142610.1	195693	195791	1
CP142610.1	195791	195873	0
CP142610.1	195873	195883	1
CP142610.1	195883	195884	0
CP142610.1	195884	196012	1
CP142610.1	196012	196190	0
CP142610.1	196190	196285	1
CP142610.1	196285	198608	0
CP142610.1	198608	198770	1
CP142610.1	198770	199340	0
CP142610.1	199340	199382	1
CP142610.1	199382	199497	0
CP142610.1	199497	199682	1
CP142610.1	199682	200458	0
CP142610.1	200458	200550	1
CP142610.1	200550	200848	0
CP142610.1	200848	200895	1
CP142610.1	200895	200949	0
CP142610.1	200949	200968	1
CP142610.1	200968	200971	0
CP142610.1	200971	201088	1
CP142610.1	201088	201090	0
CP142610.1	201090	201115	1
CP142610.1	201115	201744	0
CP142610.1	201744	201793	1
CP142610.1	201793	202044	0
CP142610.1	202044	202125	1
CP142610.1	202125	202724	0
CP142610.1	202724	202905	1
CP142610.1	202905	203249	0
CP142610.1	203249	203360	1
CP142610.1	203360	203825	0
CP142610.1	203825	203845	1
CP142610.1	203845	203882	2
CP142610.1	203882	203922	3
CP142610.1	203922	203942	2
CP142610.1	203942	203944	1
CP142610.1	203944	206935	0
CP142610.1	206935	206987	1
CP142610.1	206987	208059	0
CP142610.1	208059	208136	1
CP142610.1	208136	208684	0
CP142610.1	208684	208741	1
CP142610.1	208741	209000	0
CP142610.1	209000	209059	1
CP142610.1	209059	209061	0
CP142610.1	209061	209100	1
CP142610.1	209100	209503	0
CP142610.1	209503	209562	1
CP142610.1	209562	212270	0
CP142610.1	212270	212359	1
CP142610.1	212359	212423	2
CP142610.1	212423	212465	1
CP142610.1	212465	213422	0
CP142610.1	213422	213481	1
CP142610.1	213481	213951	0
CP142610.1	213951	213986	1
CP142610.1	213986	213987	0
CP142610.1	213987	214124	1
CP142610.1	214124	215992	0
CP142610.1	215992	216057	1
CP142610.1	216057	216069	0
CP142610.1	216069	216098	1
CP142610.1	216098	216668	0
CP142610.1	216668	216724	1
CP142610.1	216724	218860	0
CP142610.1	218860	218891	1
CP142610.1	218891	218894	0
CP142610.1	218894	218920	1
CP142610.1	218920	222713	0
CP142610.1	222713	222828	1
CP142610.1	222828	224379	0
CP142610.1	224379	224439	1
CP142610.1	224439	226319	0
CP142610.1	226319	226390	1
CP142610.1	226390	226391	0
CP142610.1	226391	226407	1
CP142610.1	226407	226408	0
CP142610.1	226408	226523	1
CP142610.1	226523	226739	0
CP142610.1	226739	226784	1
CP142610.1	226784	226827	2
CP142610.1	226827	226927	1
CP142610.1	226927	226957	0
CP142610.1	226957	226990	1
CP142610.1	226990	226995	0
CP142610.1	226995	227034	1
CP142610.1	227034	228160	0
CP142610.1	228160	228191	1
CP142610.1	228191	228250	2
CP142610.1	228250	228251	1
CP142610.1	228251	228257	2
CP142610.1	228257	228313	1
CP142610.1	228313	228314	0
CP142610.1	228314	228369	1
CP142610.1	228369	228373	0
CP142610.1	228373	228431	1
CP142610.1	228431	228436	0
CP142610.1	228436	228527	1
CP142610.1	228527	231137	0
CP142610.1	231137	231222	1
CP142610.1	231222	233473	0
CP142610.1	233473	233490	1
CP142610.1	233490	233493	0
CP142610.1	233493	233557	1
CP142610.1	233557	234541	0
CP142610.1	234541	234671	1
CP142610.1	234671	237919	0
CP142610.1	237919	238092	1
CP142610.1	238092	238529	0
CP142610.1	238529	238681	1
CP142610.1	238681	239280	0
CP142610.1	239280	239344	1
CP142610.1	239344	239347	0
CP142610.1	239347	239368	1
CP142610.1	239368	239369	0
CP142610.1	239369	239447	1
CP142610.1	239447	240241	0
CP142610.1	240241	240466	1
CP142610.1	240466	240535	0
CP142610.1	240535	240595	1
CP142610.1	240595	240597	0
CP142610.1	240597	240638	1
CP142610.1	240638	240650	0
CP142610.1	240650	240786	1
CP142610.1	240786	240795	0
CP142610.1	240795	240937	1
CP142610.1	240937	240946	0
CP142610.1	240946	241041	1
CP142610.1	241041	242264	0
CP142610.1	242264	242340	1
CP142610.1	242340	243406	0
CP142610.1	243406	243481	1
CP142610.1	243481	243943	0
CP142610.1	243943	243951	1
CP142610.1	243951	244006	2
CP142610.1	244006	244111	1
CP142610.1	244111	244161	0
CP142610.1	244161	244228	1
CP142610.1	244228	244251	2
CP142610.1	244251	244288	1
CP142610.1	244288	244886	0
CP142610.1	244886	244938	1
CP142610.1	244938	248550	0
CP142610.1	248550	248766	1
CP142610.1	248766	250751	0
CP142610.1	250751	250809	1
CP142610.1	250809	250812	0
CP142610.1	250812	250895	1
CP142610.1	250895	250896	0
CP142610.1	250896	250940	1
CP142610.1	250940	251905	0
CP142610.1	251905	251983	1
CP142610.1	251983	254579	0
CP142610.1	254579	254588	1
CP142610.1	254588	254589	0
CP142610.1	254589	254643	1
CP142610.1	254643	256098	0
CP142610.1	256098	256167	1
CP142610.1	256167	257308	0
CP142610.1	257308	257320	1
CP142610.1	257320	257324	0
CP142610.1	257324	257459	1
CP142610.1	257459	258039	0
CP142610.1	258039	258048	1
CP142610.1	258048	258050	0
CP142610.1	258050	258176	1
CP142610.1	258176	258778	0
CP142610.1	258778	258838	1
CP142610.1	258838	258846	0
CP142610.1	258846	258904	1
CP142610.1	258904	259191	0
CP142610.1	259191	259265	1
CP142610.1	259265	259311	0
CP142610.1	259311	259402	1
CP142610.1	259402	259896	0
CP142610.1	259896	259999	1
CP142610.1	259999	260064	0
CP142610.1	260064	260124	1
CP142610.1	260124	261789	0
CP142610.1	261789	261860	1
CP142610.1	261860	264833	0
CP142610.1	264833	264909	1
CP142610.1	264909	264912	0
CP142610.1	264912	264995	1
CP142610.1	264995	265393	0
CP142610.1	265393	265417	1
CP142610.1	265417	265418	0
CP142610.1	265418	265470	1
CP142610.1	265470	265689	0
CP142610.1	265689	265737	1
CP142610.1	265737	265909	0
CP142610.1	265909	265977	1
CP142610.1	265977	266470	0
CP142610.1	266470	266515	1
CP142610.1	266515	269470	0
CP142610.1	269470	269535	1
CP142610.1	269535	270698	0
CP142610.1	270698	270899	1
CP142610.1	270899	271046	0
CP142610.1	271046	271117	1
CP142610.1	271117	272938	0
CP142610.1	272938	273047	1
CP142610.1	273047	273049	0
CP142610.1	273049	273071	1
CP142610.1	273071	273549	0
CP142610.1	273549	273610	1
CP142610.1	273610	274515	0
CP142610.1	274515	274848	1
CP142610.1	274848	275011	0
CP142610.1	275011	275096	1
CP142610.1	275096	276408	0
CP142610.1	276408	276534	1
CP142610.1	276534	277155	0
CP142610.1	277155	277290	1
CP142610.1	277290	277431	0
CP142610.1	277431	277574	1
CP142610.1	277574	277577	0
CP142610.1	277577	277590	1
CP142610.1	277590	278279	0
CP142610.1	278279	278355	1
CP142610.1	278355	280229	0
CP142610.1	280229	280325	1
CP142610.1	280325	281111	0
CP142610.1	281111	281179	1
CP142610.1	281179	281287	0
CP142610.1	281287	281329	1
CP142610.1	281329	283674	0
CP142610.1	283674	283860	1
CP142610.1	283860	284156	0
CP142610.1	284156	284167	1
CP142610.1	284167	284170	0
CP142610.1	284170	284253	1
CP142610.1	284253	284254	0
CP142610.1	284254	284386	1
CP142610.1	284386	286927	0
CP142610.1	286927	287025	1
CP142610.1	287025	287032	0
CP142610.1	287032	287053	1
CP142610.1	287053	287793	0
CP142610.1	287793	287958	1
CP142610.1	287958	289896	0
CP142610.1	289896	289923	1
CP142610.1	289923	289924	0
CP142610.1	289924	290018	1
CP142610.1	290018	290019	0
CP142610.1	290019	290033	1
CP142610.1	290033	290096	2
CP142610.1	290096	290135	1
CP142610.1	290135	290334	0
CP142610.1	290334	290409	1
CP142610.1	290409	290654	0
CP142610.1	290654	290733	1
CP142610.1	290733	292508	0
CP142610.1	292508	292569	1
CP142610.1	292569	294641	0
CP142610.1	294641	294692	1
CP142610.1	294692	295451	0
CP142610.1	295451	295528	1
CP142610.1	295528	296239	0
CP142610.1	296239	296290	1
CP142610.1	296290	296291	0
CP142610.1	296291	296342	1
CP142610.1	296342	297643	0
CP142610.1	297643	297715	1
CP142610.1	297715	298021	0
CP142610.1	298021	298037	1
CP142610.1	298037	298082	2
CP142610.1	298082	298099	1
CP142610.1	298099	300195	0
CP142610.1	300195	300370	1
CP142610.1	300370	301161	0
CP142610.1	301161	301231	1
CP142610.1	301231	301373	0
CP142610.1	301373	301443	1
CP142610.1	301443	303394	0
CP142610.1	303394	303526	1
CP142610.1	303526	304629	0
CP142610.1	304629	304660	1
CP142610.1	304660	304669	0
CP142610.1	304669	304769	1
CP142610.1	304769	307494	0
CP142610.1	307494	307551	1
CP142610.1	307551	307553	0
CP142610.1	307553	307587	1
CP142610.1	307587	307588	0
CP142610.1	307588	307631	1
CP142610.1	307631	307929	0
CP142610.1	307929	308004	1
CP142610.1	308004	308138	2
CP142610.1	308138	308157	1
CP142610.1	308157	309020	0
CP142610.1	309020	309251	1
CP142610.1	309251	310040	0
CP142610.1	310040	310140	1
CP142610.1	310140	310347	0
CP142610.1	310347	310370	1
CP142610.1	310370	310437	2
CP142610.1	310437	310438	1
CP142610.1	310438	310492	2
CP142610.1	310492	310493	0
CP142610.1	310493	310506	2
CP142610.1	310506	310507	1
CP142610.1	310507	310530	2
CP142610.1	310530	310558	1
CP142610.1	310558	310958	0
CP142610.1	310958	311063	1
CP142610.1	311063	311208	0
CP142610.1	311208	311341	1
CP142610.1	311341	312781	0
CP142610.1	312781	312826	1
CP142610.1	312826	314150	0
CP142610.1	314150	314241	1
CP142610.1	314241	314293	0
CP142610.1	314293	314332	1
CP142610.1	314332	314352	2
CP142610.1	314352	314423	1
CP142610.1	314423	314424	0
CP142610.1	314424	314573	1
CP142610.1	314573	314574	0
CP142610.1	314574	314612	1
CP142610.1	314612	315671	0
CP142610.1	315671	315718	1
CP142610.1	315718	317092	0
CP142610.1	317092	317109	1
CP142610.1	317109	317110	0
CP142610.1	317110	317241	1
CP142610.1	317241	317693	0
CP142610.1	317693	317814	1
CP142610.1	317814	317838	0
CP142610.1	317838	317906	1
CP142610.1	317906	318505	0
CP142610.1	318505	318538	1
CP142610.1	318538	318551	2
CP142610.1	318551	318552	1
CP142610.1	318552	318583	2
CP142610.1	318583	318621	1
CP142610.1	318621	318652	0
CP142610.1	318652	318692	1
CP142610.1	318692	318693	0
CP142610.1	318693	318727	1
CP142610.1	318727	319671	0
CP142610.1	319671	319738	1
CP142610.1	319738	321682	0
CP142610.1	321682	321844	1
CP142610.1	321844	325652	0
CP142610.1	325652	325713	1
CP142610.1	325713	328343	0
CP142610.1	328343	328345	1
CP142610.1	328345	328400	2
CP142610.1	328400	328401	1
CP142610.1	328401	328512	0
CP142610.1	328512	328537	1
CP142610.1	328537	328538	0
CP142610.1	328538	328549	1
CP142610.1	328549	328553	0
CP142610.1	328553	328586	1
CP142610.1	328586	329006	0
CP142610.1	329006	329075	1
CP142610.1	329075	329195	0
CP142610.1	329195	329286	1
CP142610.1	329286	329337	0
CP142610.1	329337	329413	1
CP142610.1	329413	329415	0
CP142610.1	329415	329435	1
CP142610.1	329435	329436	0
CP142610.1	329436	329466	1
CP142610.1	329466	332473	0
CP142610.1	332473	332531	1
CP142610.1	332531	332535	0
CP142610.1	332535	332566	1
CP142610.1	332566	332575	0
CP142610.1	332575	332629	1
CP142610.1	332629	333993	0
CP142610.1	333993	334074	1
CP142610.1	334074	335845	0
CP142610.1	335845	335906	1
CP142610.1	335906	336468	0
CP142610.1	336468	336607	1
CP142610.1	336607	337333	0
CP142610.1	337333	337389	1
CP142610.1	337389	337401	0
CP142610.1	337401	337412	1
CP142610.1	337412	337430	2
CP142610.1	337430	337476	1
CP142610.1	337476	337477	0
CP142610.1	337477	337605	1
CP142610.1	337605	338207	0
CP142610.1	338207	338245	1
CP142610.1	338245	338246	0
CP142610.1	338246	338262	1
CP142610.1	338262	339714	0
CP142610.1	339714	339816	1
CP142610.1	339816	340803	0
CP142610.1	340803	340868	1
CP142610.1	340868	351328	0
CP142610.1	351328	351362	1
CP142610.1	351362	351364	0
CP142610.1	351364	351459	1
CP142610.1	351459	353406	0
CP142610.1	353406	353533	1
CP142610.1	353533	353535	0
CP142610.1	353535	353558	1
CP142610.1	353558	353955	0
CP142610.1	353955	354099	1
CP142610.1	354099	354649	0
CP142610.1	354649	354733	1
CP142610.1	354733	356521	0
CP142610.1	356521	356690	1
CP142610.1	356690	356707	2
CP142610.1	356707	356736	3
CP142610.1	356736	356737	2
CP142610.1	356737	356738	1
CP142610.1	356738	356743	2
CP142610.1	356743	356749	1
CP142610.1	356749	356791	2
CP142610.1	356791	356861	1
CP142610.1	356861	357620	0
CP142610.1	357620	357671	1
CP142610.1	357671	357672	0
CP142610.1	357672	357794	1
CP142610.1	357794	360004	0
CP142610.1	360004	360022	1
CP142610.1	360022	360025	0
CP142610.1	360025	360057	1
CP142610.1	360057	360058	0
CP142610.1	360058	360089	1
CP142610.1	360089	360534	0
CP142610.1	360534	360623	1
CP142610.1	360623	362400	0
CP142610.1	362400	362495	1
CP142610.1	362495	363291	0
CP142610.1	363291	363302	1
CP142610.1	363302	363307	0
CP142610.1	363307	363356	1
CP142610.1	363356	363370	0
CP142610.1	363370	363444	1
CP142610.1	363444	364010	0
CP142610.1	364010	364020	1
CP142610.1	364020	364130	2
CP142610.1	364130	364131	1
CP142610.1	364131	364149	2
CP142610.1	364149	364156	1
CP142610.1	364156	364157	0
CP142610.1	364157	364282	1
CP142610.1	364282	364283	0
CP142610.1	364283	364292	1
CP142610.1	364292	365075	0
CP142610.1	365075	365106	1
CP142610.1	365106	365128	2
CP142610.1	365128	365129	1
CP142610.1	365129	365144	2
CP142610.1	365144	365196	1
CP142610.1	365196	366320	0
CP142610.1	366320	366408	1
CP142610.1	366408	366721	0
CP142610.1	366721	366878	1
CP142610.1	366878	367136	0
CP142610.1	367136	367188	1
CP142610.1	367188	369149	0
CP142610.1	369149	369192	1
CP142610.1	369192	369193	0
CP142610.1	369193	369237	1
CP142610.1	369237	370784	0
CP142610.1	370784	370804	1
CP142610.1	370804	370806	0
CP142610.1	370806	370871	1
CP142610.1	370871	370937	2
CP142610.1	370937	370977	1
CP142610.1	370977	371503	0
CP142610.1	371503	371579	1
CP142610.1	371579	371933	0
CP142610.1	371933	372018	1
CP142610.1	372018	374161	0
CP142610.1	374161	374275	1
CP142610.1	374275	374278	0
CP142610.1	374278	374362	1
CP142610.1	374362	374368	0
CP142610.1	374368	374403	1
CP142610.1	374403	374953	0
CP142610.1	374953	375009	1
CP142610.1	375009	375143	0
CP142610.1	375143	375255	1
CP142610.1	375255	375271	2
CP142610.1	375271	375403	1
CP142610.1	375403	375418	2
CP142610.1	375418	375421	0
CP142610.1	375421	375464	2
CP142610.1	375464	375474	1
CP142610.1	375474	376027	0
CP142610.1	376027	376091	1
CP142610.1	376091	378025	0
CP142610.1	378025	378181	1
CP142610.1	378181	378248	2
CP142610.1	378248	378293	1
CP142610.1	378293	379387	0
CP142610.1	379387	379487	1
CP142610.1	379487	379488	0
CP142610.1	379488	379540	1
CP142610.1	379540	379543	0
CP142610.1	379543	379603	1
CP142610.1	379603	379604	0
CP142610.1	379604	379616	1
CP142610.1	379616	379617	0
CP142610.1	379617	379634	1
CP142610.1	379634	379735	0
CP142610.1	379735	379849	1
CP142610.1	379849	381017	0
CP142610.1	381017	381101	1
CP142610.1	381101	381429	0
CP142610.1	381429	381469	1
CP142610.1	381469	381470	0
CP142610.1	381470	381542	1
CP142610.1	381542	382829	0
CP142610.1	382829	382870	1
CP142610.1	382870	382871	0
CP142610.1	382871	382981	1
CP142610.1	382981	383922	0
CP142610.1	383922	383990	1
CP142610.1	383990	384272	0
CP142610.1	384272	384401	1
CP142610.1	384401	385167	0
CP142610.1	385167	385277	1
CP142610.1	385277	385828	0
CP142610.1	385828	385881	1
CP142610.1	385881	385882	0
CP142610.1	385882	385940	1
CP142610.1	385940	386507	0
CP142610.1	386507	386548	1
CP142610.1	386548	386552	0
CP142610.1	386552	386643	1
CP142610.1	386643	387519	0
CP142610.1	387519	387555	1
CP142610.1	387555	387800	0
CP142610.1	387800	387900	1
CP142610.1	387900	389486	0
CP142610.1	389486	389543	1
CP142610.1	389543	389636	0
CP142610.1	389636	389699	1
CP142610.1	389699	389731	0
CP142610.1	389731	389809	1
CP142610.1	389809	390188	0
CP142610.1	390188	390201	1
CP142610.1	390201	390202	0
CP142610.1	390202	390315	1
CP142610.1	390315	391545	0
CP142610.1	391545	391572	1
CP142610.1	391572	391573	0
CP142610.1	391573	391688	1
CP142610.1	391688	392259	0
CP142610.1	392259	392306	1
CP142610.1	392306	392317	0
CP142610.1	392317	392408	1
CP142610.1	392408	393047	0
CP142610.1	393047	393134	1
CP142610.1	393134	393265	0
CP142610.1	393265	393291	1
CP142610.1	393291	393293	0
CP142610.1	393293	393334	1
CP142610.1	393334	393337	0
CP142610.1	393337	393404	1
CP142610.1	393404	394972	0
CP142610.1	394972	395062	1
CP142610.1	395062	400916	0
CP142610.1	400916	401012	1
CP142610.1	401012	401838	0
CP142610.1	401838	401930	1
CP142610.1	401930	402616	0
CP142610.1	402616	402735	1
CP142610.1	402735	406159	0
CP142610.1	406159	406180	1
CP142610.1	406180	406182	0
CP142610.1	406182	406215	1
CP142610.1	406215	406216	0
CP142610.1	406216	406268	1
CP142610.1	406268	406920	0
CP142610.1	406920	406973	1
CP142610.1	406973	406974	0
CP142610.1	406974	407035	1
CP142610.1	407035	407278	0
CP142610.1	407278	407440	1
CP142610.1	407440	409066	0
CP142610.1	409066	409084	1
CP142610.1	409084	409085	0
CP142610.1	409085	409151	1
CP142610.1	409151	409659	0
CP142610.1	409659	409848	1
CP142610.1	409848	409933	0
CP142610.1	409933	409978	1
CP142610.1	409978	409979	0
CP142610.1	409979	410059	1
CP142610.1	410059	410149	0
CP142610.1	410149	410182	1
CP142610.1	410182	410233	0
CP142610.1	410233	410256	1
CP142610.1	410256	410259	0
CP142610.1	410259	410294	2
CP142610.1	410294	410381	1
CP142610.1	410381	411201	0
CP142610.1	411201	411283	1
CP142610.1	411283	411655	0
CP142610.1	411655	411699	1
CP142610.1	411699	411716	0
CP142610.1	411716	411737	1
CP142610.1	411737	411738	0
CP142610.1	411738	411785	1
CP142610.1	411785	414093	0
CP142610.1	414093	414165	1
CP142610.1	414165	414170	0
CP142610.1	414170	414215	1
CP142610.1	414215	414877	0
CP142610.1	414877	414932	1
CP142610.1	414932	414982	2
CP142610.1	414982	415034	1
CP142610.1	415034	417724	0
CP142610.1	417724	417765	1
CP142610.1	417765	417766	0
CP142610.1	417766	417798	1
CP142610.1	417798	420993	0
CP142610.1	420993	421116	1
CP142610.1	421116	422959	0
CP142610.1	422959	423022	1
CP142610.1	423022	424548	0
CP142610.1	424548	424654	1
CP142610.1	424654	426126	0
CP142610.1	426126	426187	1
CP142610.1	426187	429881	0
CP142610.1	429881	429973	1
CP142610.1	429973	429974	0
CP142610.1	429974	430026	1
CP142610.1	430026	430027	0
CP142610.1	430027	430087	1
CP142610.1	430087	430643	0
CP142610.1	430643	430724	1
CP142610.1	430724	430835	0
CP142610.1	430835	430951	1
CP142610.1	430951	430966	2
CP142610.1	430966	430983	1
CP142610.1	430983	430984	0
CP142610.1	430984	431053	1
CP142610.1	431053	432244	0
CP142610.1	432244	432282	1
CP142610.1	432282	432286	0
CP142610.1	432286	432313	1
CP142610.1	432313	432422	0
CP142610.1	432422	432476	1
CP142610.1	432476	432518	2
CP142610.1	432518	432536	1
CP142610.1	432536	432771	0
CP142610.1	432771	432875	1
CP142610.1	432875	432965	0
CP142610.1	432965	432997	1
CP142610.1	432997	433280	0
CP142610.1	433280	433428	1
CP142610.1	433428	434443	0
CP142610.1	434443	434509	1
CP142610.1	434509	435700	0
CP142610.1	435700	435767	1
CP142610.1	435767	435799	2
CP142610.1	435799	435875	1
CP142610.1	435875	435876	0
CP142610.1	435876	435904	1
CP142610.1	435904	437914	0
CP142610.1	437914	437971	1
CP142610.1	437971	437972	0
CP142610.1	437972	438020	1
CP142610.1	438020	438099	0
CP142610.1	438099	438149	1
CP142610.1	438149	439286	0
CP142610.1	439286	439318	1
CP142610.1	439318	439319	0
CP142610.1	439319	439364	1
CP142610.1	439364	439367	0
CP142610.1	439367	439439	1
CP142610.1	439439	441769	0
CP142610.1	441769	441824	1
CP142610.1	441824	441825	0
CP142610.1	441825	441850	1
CP142610.1	441850	442150	0
CP142610.1	442150	442206	1
CP142610.1	442206	445465	0
CP142610.1	445465	445566	1
CP142610.1	445566	445830	0
CP142610.1	445830	445944	1
CP142610.1	445944	449457	0
CP142610.1	449457	449501	1
CP142610.1	449501	449735	0
CP142610.1	449735	449792	1
CP142610.1	449792	450560	0
CP142610.1	450560	450569	1
CP142610.1	450569	450622	2
CP142610.1	450622	450623	1
CP142610.1	450623	450744	2
CP142610.1	450744	450750	1
CP142610.1	450750	452989	0
CP142610.1	452989	453046	1
CP142610.1	453046	454374	0
CP142610.1	454374	454485	1
CP142610.1	454485	454642	0
CP142610.1	454642	454722	1
CP142610.1	454722	454723	0
CP142610.1	454723	454738	1
CP142610.1	454738	455060	0
CP142610.1	455060	455075	1
CP142610.1	455075	455076	0
CP142610.1	455076	455077	1
CP142610.1	455077	455131	2
CP142610.1	455131	455178	1
CP142610.1	455178	455753	0
CP142610.1	455753	455804	1
CP142610.1	455804	456238	0
CP142610.1	456238	456301	1
CP142610.1	456301	457364	0
CP142610.1	457364	457430	1
CP142610.1	457430	457431	0
CP142610.1	457431	457518	1
CP142610.1	457518	457914	0
CP142610.1	457914	457984	1
CP142610.1	457984	458806	0
CP142610.1	458806	458877	1
CP142610.1	458877	458946	0
CP142610.1	458946	459027	1
CP142610.1	459027	460664	0
CP142610.1	460664	460769	1
CP142610.1	460769	461109	0
CP142610.1	461109	461178	1
CP142610.1	461178	461658	0
CP142610.1	461658	461756	1
CP142610.1	461756	461929	0
CP142610.1	461929	461983	1
CP142610.1	461983	462659	0
CP142610.1	462659	462725	1
CP142610.1	462725	463705	0
CP142610.1	463705	463766	1
CP142610.1	463766	463767	0
CP142610.1	463767	463827	1
CP142610.1	463827	463828	0
CP142610.1	463828	463917	1
CP142610.1	463917	464973	0
CP142610.1	464973	465093	1
CP142610.1	465093	466401	0
CP142610.1	466401	466476	2
CP142610.1	466476	466479	1
CP142610.1	466479	466639	0
CP142610.1	466639	466659	1
CP142610.1	466659	466660	0
CP142610.1	466660	466715	1
CP142610.1	466715	467082	0
CP142610.1	467082	467172	1
CP142610.1	467172	467173	0
CP142610.1	467173	467197	1
CP142610.1	467197	467351	0
CP142610.1	467351	467475	1
CP142610.1	467475	467540	2
CP142610.1	467540	467541	1
CP142610.1	467541	467561	2
CP142610.1	467561	467562	1
CP142610.1	467562	467573	2
CP142610.1	467573	467574	1
CP142610.1	467574	467586	2
CP142610.1	467586	467605	1
CP142610.1	467605	468598	0
CP142610.1	468598	468746	1
CP142610.1	468746	469311	0
CP142610.1	469311	469374	1
CP142610.1	469374	469682	0
CP142610.1	469682	469809	1
CP142610.1	469809	470162	0
CP142610.1	470162	470290	1
CP142610.1	470290	470291	0
CP142610.1	470291	470343	1
CP142610.1	470343	470344	0
CP142610.1	470344	470364	1
CP142610.1	470364	470699	0
CP142610.1	470699	470819	1
CP142610.1	470819	470820	0
CP142610.1	470820	470937	1
CP142610.1	470937	471405	0
CP142610.1	471405	471478	1
CP142610.1	471478	473216	0
CP142610.1	473216	473275	1
CP142610.1	473275	477726	0
CP142610.1	477726	477820	1
CP142610.1	477820	477823	0
CP142610.1	477823	477863	1
CP142610.1	477863	479054	0
CP142610.1	479054	479109	1
CP142610.1	479109	479114	0
CP142610.1	479114	479181	1
CP142610.1	479181	479182	0
CP142610.1	479182	479233	1
CP142610.1	479233	481412	0
CP142610.1	481412	481473	1
CP142610.1	481473	481558	0
CP142610.1	481558	481685	1
CP142610.1	481685	481686	0
CP142610.1	481686	481700	1
CP142610.1	481700	481701	0
CP142610.1	481701	481754	1
CP142610.1	481754	481759	0
CP142610.1	481759	481769	1
CP142610.1	481769	482735	0
CP142610.1	482735	482835	1
CP142610.1	482835	482836	0
CP142610.1	482836	482867	1
CP142610.1	482867	483881	0
CP142610.1	483881	483916	1
CP142610.1	483916	483920	0
CP142610.1	483920	483941	1
CP142610.1	483941	483942	0
CP142610.1	483942	483981	1
CP142610.1	483981	485574	0
CP142610.1	485574	485584	1
CP142610.1	485584	485593	2
CP142610.1	485593	485594	1
CP142610.1	485594	485657	2
CP142610.1	485657	485671	1
CP142610.1	485671	486699	0
CP142610.1	486699	486809	1
CP142610.1	486809	487193	0
CP142610.1	487193	487326	1
CP142610.1	487326	487340	2
CP142610.1	487340	487414	1
CP142610.1	487414	488245	0
CP142610.1	488245	488270	1
CP142610.1	488270	488273	0
CP142610.1	488273	488321	1
CP142610.1	488321	488875	0
CP142610.1	488875	488982	1
CP142610.1	488982	492378	0
CP142610.1	492378	492435	1
CP142610.1	492435	492690	0
CP142610.1	492690	492701	1
CP142610.1	492701	492702	0
CP142610.1	492702	492818	1
CP142610.1	492818	494136	0
CP142610.1	494136	494264	1
CP142610.1	494264	494265	0
CP142610.1	494265	494342	1
CP142610.1	494342	494771	0
CP142610.1	494771	494845	1
CP142610.1	494845	494846	0
CP142610.1	494846	494882	1
CP142610.1	494882	496152	0
CP142610.1	496152	496245	1
CP142610.1	496245	497145	0
CP142610.1	497145	497231	1
CP142610.1	497231	499667	0
CP142610.1	499667	499711	1
CP142610.1	499711	499712	0
CP142610.1	499712	499735	1
CP142610.1	499735	500570	0
CP142610.1	500570	500623	1
CP142610.1	500623	500624	0
CP142610.1	500624	500710	1
CP142610.1	500710	500711	0
CP142610.1	500711	500751	1
CP142610.1	500751	501424	0
CP142610.1	501424	501565	1
CP142610.1	501565	501568	0
CP142610.1	501568	501617	1
CP142610.1	501617	502230	0
CP142610.1	502230	502278	1
CP142610.1	502278	505026	0
CP142610.1	505026	505172	1
CP142610.1	505172	507386	0
CP142610.1	507386	507425	1
CP142610.1	507425	507478	2
CP142610.1	507478	507549	1
CP142610.1	507549	508880	0
CP142610.1	508880	509035	1
CP142610.1	509035	510636	0
CP142610.1	510636	510663	1
CP142610.1	510663	510667	0
CP142610.1	510667	510745	1
CP142610.1	510745	510746	0
CP142610.1	510746	510779	1
CP142610.1	510779	510792	0
CP142610.1	510792	510831	1
CP142610.1	510831	510854	2
CP142610.1	510854	510894	1
CP142610.1	510894	510895	0
CP142610.1	510895	510917	1
CP142610.1	510917	512091	0
CP142610.1	512091	512197	1
CP142610.1	512197	513116	0
CP142610.1	513116	513233	1
CP142610.1	513233	515027	0
CP142610.1	515027	515155	1
CP142610.1	515155	515711	0
CP142610.1	515711	515776	1
CP142610.1	515776	515895	0
CP142610.1	515895	516019	1
CP142610.1	516019	517137	0
CP142610.1	517137	517204	1
CP142610.1	517204	518211	0
CP142610.1	518211	518317	1
CP142610.1	518317	519092	0
CP142610.1	519092	519182	1
CP142610.1	519182	519763	0
CP142610.1	519763	519778	1
CP142610.1	519778	519779	0
CP142610.1	519779	519938	1
CP142610.1	519938	521563	0
CP142610.1	521563	521646	1
CP142610.1	521646	522444	0
CP142610.1	522444	522470	1
CP142610.1	522470	522471	0
CP142610.1	522471	522540	1
CP142610.1	522540	523094	0
CP142610.1	523094	523195	1
CP142610.1	523195	524377	0
CP142610.1	524377	524423	1
CP142610.1	524423	524460	2
CP142610.1	524460	524595	1
CP142610.1	524595	524771	0
CP142610.1	524771	524868	1
CP142610.1	524868	524944	0
CP142610.1	524944	524980	1
CP142610.1	524980	525016	2
CP142610.1	525016	525031	1
CP142610.1	525031	525038	0
CP142610.1	525038	525070	1
CP142610.1	525070	525077	0
CP142610.1	525077	525081	1
CP142610.1	525081	525083	0
CP142610.1	525083	525164	1
CP142610.1	525164	527798	0
CP142610.1	527798	527923	1
CP142610.1	527923	528548	0
CP142610.1	528548	528622	1
CP142610.1	528622	528731	0
CP142610.1	528731	528783	1
CP142610.1	528783	528791	2
CP142610.1	528791	528803	1
CP142610.1	528803	528841	2
CP142610.1	528841	528867	1
CP142610.1	528867	529107	0
CP142610.1	529107	529149	1
CP142610.1	529149	529947	0
CP142610.1	529947	530005	1
CP142610.1	530005	532532	0
CP142610.1	532532	532650	1
CP142610.1	532650	534545	0
CP142610.1	534545	534598	1
CP142610.1	534598	535571	0
CP142610.1	535571	535669	1
CP142610.1	535669	535875	0
CP142610.1	535875	535922	1
CP142610.1	535922	536264	0
CP142610.1	536264	536272	1
CP142610.1	536272	536273	0
CP142610.1	536273	536365	1
CP142610.1	536365	536880	0
CP142610.1	536880	536922	1
CP142610.1	536922	538284	0
CP142610.1	538284	538375	1
CP142610.1	538375	538376	0
CP142610.1	538376	538416	1
CP142610.1	538416	538417	0
CP142610.1	538417	538442	1
CP142610.1	538442	538445	2
CP142610.1	538445	538446	1
CP142610.1	538446	538500	2
CP142610.1	538500	538554	1
CP142610.1	538554	538728	0
CP142610.1	538728	538807	1
CP142610.1	538807	538811	0
CP142610.1	538811	538857	1
CP142610.1	538857	538872	0
CP142610.1	538872	538930	1
CP142610.1	538930	540274	0
CP142610.1	540274	540392	1
CP142610.1	540392	542184	0
CP142610.1	542184	542360	1
CP142610.1	542360	542837	0
CP142610.1	542837	542912	1
CP142610.1	542912	542913	0
CP142610.1	542913	542984	1
CP142610.1	542984	542987	0
CP142610.1	542987	543022	1
CP142610.1	543022	543891	0
CP142610.1	543891	543958	1
CP142610.1	543958	547247	0
CP142610.1	547247	547336	1
CP142610.1	547336	547383	0
CP142610.1	547383	547416	1
CP142610.1	547416	547418	0
CP142610.1	547418	547501	1
CP142610.1	547501	549621	0
CP142610.1	549621	549754	1
CP142610.1	549754	549842	0
CP142610.1	549842	550053	1
CP142610.1	550053	552230	0
CP142610.1	552230	552415	1
CP142610.1	552415	552560	0
CP142610.1	552560	552628	1
CP142610.1	552628	554283	0
CP142610.1	554283	554365	1
CP142610.1	554365	554930	0
CP142610.1	554930	554989	1
CP142610.1	554989	555156	0
CP142610.1	555156	555254	1
CP142610.1	555254	556353	0
CP142610.1	556353	556529	1
CP142610.1	556529	556581	0
CP142610.1	556581	556681	1
CP142610.1	556681	556684	0
CP142610.1	556684	556729	1
CP142610.1	556729	556730	0
CP142610.1	556730	556886	1
CP142610.1	556886	559240	0
CP142610.1	559240	559290	1
CP142610.1	559290	559291	0
CP142610.1	559291	559377	1
CP142610.1	559377	559946	0
CP142610.1	559946	560007	1
CP142610.1	560007	560454	0
CP142610.1	560454	560553	1
CP142610.1	560553	562278	0
CP142610.1	562278	562327	1
CP142610.1	562327	562505	0
CP142610.1	562505	562604	1
CP142610.1	562604	564798	0
CP142610.1	564798	564822	1
CP142610.1	564822	564867	2
CP142610.1	564867	564905	1
CP142610.1	564905	564906	0
CP142610.1	564906	564975	1
CP142610.1	564975	566296	0
CP142610.1	566296	566420	1
CP142610.1	566420	568239	0
CP142610.1	568239	568307	1
CP142610.1	568307	568720	0
CP142610.1	568720	568790	1
CP142610.1	568790	568800	2
CP142610.1	568800	568862	1
CP142610.1	568862	569177	0
CP142610.1	569177	569236	1
CP142610.1	569236	569420	0
CP142610.1	569420	569453	1
CP142610.1	569453	569518	2
CP142610.1	569518	569520	1
CP142610.1	569520	569856	0
CP142610.1	569856	569913	1
CP142610.1	569913	570186	0
CP142610.1	570186	570215	1
CP142610.1	570215	570216	0
CP142610.1	570216	570313	1
CP142610.1	570313	570706	0
CP142610.1	570706	570751	1
CP142610.1	570751	570818	2
CP142610.1	570818	570859	1
CP142610.1	570859	570860	0
CP142610.1	570860	570915	1
CP142610.1	570915	570918	0
CP142610.1	570918	570933	2
CP142610.1	570933	570966	1
CP142610.1	570966	570968	0
CP142610.1	570968	571023	1
CP142610.1	571023	571783	0
CP142610.1	571783	571850	1
CP142610.1	571850	571895	2
CP142610.1	571895	571896	0
CP142610.1	571896	571933	2
CP142610.1	571933	572051	1
CP142610.1	572051	572164	0
CP142610.1	572164	572227	1
CP142610.1	572227	572230	0
CP142610.1	572230	572251	1
CP142610.1	572251	572956	0
CP142610.1	572956	573027	1
CP142610.1	573027	573641	0
CP142610.1	573641	573706	1
CP142610.1	573706	573789	0
CP142610.1	573789	573800	1
CP142610.1	573800	573802	0
CP142610.1	573802	573916	1
CP142610.1	573916	574152	0
CP142610.1	574152	574176	1
CP142610.1	574176	574178	0
CP142610.1	574178	574200	1
CP142610.1	574200	574470	0
CP142610.1	574470	574598	1
CP142610.1	574598	577304	0
CP142610.1	577304	577323	1
CP142610.1	577323	577324	0
CP142610.1	577324	577365	1
CP142610.1	577365	577366	0
CP142610.1	577366	577485	1
CP142610.1	577485	578589	0
CP142610.1	578589	578635	1
CP142610.1	578635	578636	0
CP142610.1	578636	578788	1
CP142610.1	578788	578802	0
CP142610.1	578802	578851	1
CP142610.1	578851	578857	0
CP142610.1	578857	578873	1
CP142610.1	578873	579786	0
CP142610.1	579786	579845	1
CP142610.1	579845	579846	0
CP142610.1	579846	579870	1
CP142610.1	579870	581046	0
CP142610.1	581046	581105	1
CP142610.1	581105	585351	0
CP142610.1	585351	585403	1
CP142610.1	585403	586613	0
CP142610.1	586613	586640	1
CP142610.1	586640	586641	0
CP142610.1	586641	586715	1
CP142610.1	586715	586803	0
CP142610.1	586803	586866	1
CP142610.1	586866	586964	0
CP142610.1	586964	587030	1
CP142610.1	587030	587098	0
CP142610.1	587098	587100	1
CP142610.1	587100	587181	2
CP142610.1	587181	587195	1
CP142610.1	587195	589223	0
CP142610.1	589223	589314	1
CP142610.1	589314	589796	0
CP142610.1	589796	589864	1
CP142610.1	589864	589867	0
CP142610.1	589867	589902	1
CP142610.1	589902	590989	0
CP142610.1	590989	591080	1
CP142610.1	591080	593470	0
CP142610.1	593470	593560	1
CP142610.1	593560	593764	0
CP142610.1	593764	593934	1
CP142610.1	593934	594314	0
CP142610.1	594314	594392	1
CP142610.1	594392	594395	0
CP142610.1	594395	594455	1
CP142610.1	594455	594457	0
CP142610.1	594457	594505	1
CP142610.1	594505	594586	0
CP142610.1	594586	594622	1
CP142610.1	594622	595300	0
CP142610.1	595300	595342	1
CP142610.1	595342	597008	0
CP142610.1	597008	597202	1
CP142610.1	597202	598358	0
CP142610.1	598358	598446	1
CP142610.1	598446	598750	0
CP142610.1	598750	598800	1
CP142610.1	598800	599341	0
CP142610.1	599341	599477	1
CP142610.1	599477	599500	0
CP142610.1	599500	599530	1
CP142610.1	599530	599552	2
CP142610.1	599552	599624	1
CP142610.1	599624	599645	0
CP142610.1	599645	599693	1
CP142610.1	599693	600890	0
CP142610.1	600890	600969	1
CP142610.1	600969	600989	0
CP142610.1	600989	601070	1
CP142610.1	601070	601693	0
CP142610.1	601693	601782	1
CP142610.1	601782	601783	0
CP142610.1	601783	601806	1
CP142610.1	601806	601980	0
CP142610.1	601980	602064	1
CP142610.1	602064	603524	0
CP142610.1	603524	603592	1
CP142610.1	603592	603645	0
CP142610.1	603645	603748	1
CP142610.1	603748	606808	0
CP142610.1	606808	606890	1
CP142610.1	606890	606915	2
CP142610.1	606915	606922	1
CP142610.1	606922	606923	0
CP142610.1	606923	607054	1
CP142610.1	607054	608775	0
CP142610.1	608775	608845	1
CP142610.1	608845	610654	0
CP142610.1	610654	610756	1
CP142610.1	610756	610857	0
CP142610.1	610857	610894	1
CP142610.1	610894	611520	0
CP142610.1	611520	611560	1
CP142610.1	611560	612577	0
CP142610.1	612577	612685	1
CP142610.1	612685	612688	0
CP142610.1	612688	612704	1
CP142610.1	612704	613397	0
CP142610.1	613397	613436	1
CP142610.1	613436	613634	0
CP142610.1	613634	613690	1
CP142610.1	613690	614076	0
CP142610.1	614076	614159	1
CP142610.1	614159	614559	0
CP142610.1	614559	614609	1
CP142610.1	614609	615725	0
CP142610.1	615725	615802	1
CP142610.1	615802	615916	0
CP142610.1	615916	615964	1
CP142610.1	615964	616093	0
CP142610.1	616093	616110	1
CP142610.1	616110	616113	0
CP142610.1	616113	616180	1
CP142610.1	616180	616183	0
CP142610.1	616183	616328	1
CP142610.1	616328	616868	0
CP142610.1	616868	616931	1
CP142610.1	616931	617578	0
CP142610.1	617578	617653	1
CP142610.1	617653	618060	0
CP142610.1	618060	618101	2
CP142610.1	618101	618102	1
CP142610.1	618102	618127	2
CP142610.1	618127	618173	1
CP142610.1	618173	618176	0
CP142610.1	618176	618192	1
CP142610.1	618192	620818	0
CP142610.1	620818	620905	1
CP142610.1	620905	621162	0
CP142610.1	621162	621208	1
CP142610.1	621208	623202	0
CP142610.1	623202	623266	1
CP142610.1	623266	623268	0
CP142610.1	623268	623292	1
CP142610.1	623292	623316	2
CP142610.1	623316	623332	1
CP142610.1	623332	624340	0
CP142610.1	624340	624464	1
CP142610.1	624464	624799	0
CP142610.1	624799	624869	1
CP142610.1	624869	624870	0
CP142610.1	624870	625006	1
CP142610.1	625006	627906	0
CP142610.1	627906	628009	1
CP142610.1	628009	628410	0
CP142610.1	628410	628457	1
CP142610.1	628457	629671	0
CP142610.1	629671	629736	1
CP142610.1	629736	629739	0
CP142610.1	629739	629803	1
CP142610.1	629803	630181	0
CP142610.1	630181	630199	1
CP142610.1	630199	630200	0
CP142610.1	630200	630236	1
CP142610.1	630236	630504	0
CP142610.1	630504	630522	1
CP142610.1	630522	630523	0
CP142610.1	630523	630571	1
CP142610.1	630571	632245	0
