CP001487.1	0	4227	0
CP001487.1	4227	4282	1
CP001487.1	4282	4936	0
CP001487.1	4936	10101	1
CP001487.1	10101	11763	0
CP001487.1	11763	11892	1
CP001487.1	11892	16515	0
CP001487.1	16515	16577	1
CP001487.1	16577	17740	0
CP001487.1	17740	17805	1
CP001487.1	17805	22811	0
CP001487.1	22811	22892	1
CP001487.1	22892	24684	0
CP001487.1	24684	24720	1
CP001487.1	24720	24735	2
CP001487.1	24735	24763	1
CP001487.1	24763	24765	0
CP001487.1	24765	24836	1
CP001487.1	24836	26629	0
CP001487.1	26629	26700	1
CP001487.1	26700	28166	0
CP001487.1	28166	28823	1
CP001487.1	28823	29004	2
CP001487.1	29004	29166	1
CP001487.1	29166	29167	0
CP001487.1	29167	29278	1
CP001487.1	29278	29279	2
CP001487.1	29279	29293	3
CP001487.1	29293	29332	4
CP001487.1	29332	29339	2
CP001487.1	29339	29340	1
CP001487.1	29340	30560	0
CP001487.1	30560	30639	1
CP001487.1	30639	31063	0
CP001487.1	31063	31224	1
CP001487.1	31224	32868	0
CP001487.1	32868	32903	1
CP001487.1	32903	32964	2
CP001487.1	32964	36342	0
CP001487.1	36342	36400	1
CP001487.1	36400	41632	0
CP001487.1	41632	41684	1
CP001487.1	41684	44207	0
CP001487.1	44207	44258	1
CP001487.1	44258	44315	0
CP001487.1	44315	44391	1
CP001487.1	44391	44989	0
CP001487.1	44989	45000	1
CP001487.1	45000	45072	2
CP001487.1	45072	45164	1
CP001487.1	45164	45344	0
CP001487.1	45344	45430	1
CP001487.1	45430	48630	0
CP001487.1	48630	48691	1
CP001487.1	48691	52575	0
CP001487.1	52575	52650	1
CP001487.1	52650	54531	0
CP001487.1	54531	54765	1
CP001487.1	54765	55148	0
CP001487.1	55148	55209	1
CP001487.1	55209	57186	0
CP001487.1	57186	57256	1
CP001487.1	57256	57289	0
CP001487.1	57289	57343	1
CP001487.1	57343	60509	0
CP001487.1	60509	60571	1
CP001487.1	60571	61411	0
CP001487.1	61411	61480	1
CP001487.1	61480	64117	0
CP001487.1	64117	64167	1
CP001487.1	64167	66663	0
CP001487.1	66663	66678	1
CP001487.1	66678	66679	0
CP001487.1	66679	66769	1
CP001487.1	66769	68189	0
CP001487.1	68189	68255	1
CP001487.1	68255	76773	0
CP001487.1	76773	76851	1
CP001487.1	76851	84026	0
CP001487.1	84026	84083	1
CP001487.1	84083	86491	0
CP001487.1	86491	87959	1
CP001487.1	87959	90792	0
CP001487.1	90792	91005	1
CP001487.1	91005	91006	2
CP001487.1	91006	91060	4
CP001487.1	91060	91062	1
CP001487.1	91062	102273	0
CP001487.1	102273	102344	1
CP001487.1	102344	103502	0
CP001487.1	103502	103529	1
CP001487.1	103529	103549	2
CP001487.1	103549	103582	1
CP001487.1	103582	104168	0
CP001487.1	104168	104228	1
CP001487.1	104228	104229	0
CP001487.1	104229	104245	1
CP001487.1	104245	106087	0
CP001487.1	106087	106146	1
CP001487.1	106146	109002	0
CP001487.1	109002	109043	1
CP001487.1	109043	109046	0
CP001487.1	109046	109213	1
CP001487.1	109213	113646	0
CP001487.1	113646	113701	1
CP001487.1	113701	120481	0
CP001487.1	120481	120557	1
CP001487.1	120557	127424	0
CP001487.1	127424	127468	1
CP001487.1	127468	135297	0
CP001487.1	135297	135494	1
CP001487.1	135494	138150	0
CP001487.1	138150	138179	1
CP001487.1	138179	138180	0
CP001487.1	138180	138207	1
CP001487.1	138207	139411	0
CP001487.1	139411	139483	1
CP001487.1	139483	143315	0
CP001487.1	143315	143373	1
CP001487.1	143373	143375	0
CP001487.1	143375	143400	1
CP001487.1	143400	144394	0
CP001487.1	144394	144562	1
CP001487.1	144562	144624	0
CP001487.1	144624	144686	1
CP001487.1	144686	150050	0
CP001487.1	150050	150115	1
CP001487.1	150115	150909	0
CP001487.1	150909	150995	1
CP001487.1	150995	151564	0
CP001487.1	151564	151614	1
CP001487.1	151614	153934	0
CP001487.1	153934	154000	1
CP001487.1	154000	161961	0
CP001487.1	161961	162027	1
CP001487.1	162027	168300	0
CP001487.1	168300	168349	1
CP001487.1	168349	168645	0
CP001487.1	168645	168781	1
CP001487.1	168781	172767	0
CP001487.1	172767	172832	1
CP001487.1	172832	174614	0
CP001487.1	174614	175795	1
CP001487.1	175795	175813	0
CP001487.1	175813	175820	1
CP001487.1	175820	175822	0
CP001487.1	175822	175823	1
CP001487.1	175823	175886	3
CP001487.1	175886	175888	1
CP001487.1	175888	177150	0
CP001487.1	177150	177217	1
CP001487.1	177217	177839	0
CP001487.1	177839	177897	1
CP001487.1	177897	181423	0
CP001487.1	181423	181455	1
CP001487.1	181455	183483	0
CP001487.1	183483	183535	1
CP001487.1	183535	188335	0
CP001487.1	188335	188554	1
CP001487.1	188554	188745	0
CP001487.1	188745	188935	1
CP001487.1	188935	188936	0
CP001487.1	188936	188994	1
CP001487.1	188994	189013	2
CP001487.1	189013	189019	1
CP001487.1	189019	189043	2
CP001487.1	189043	189679	1
CP001487.1	189679	190861	0
CP001487.1	190861	190917	1
CP001487.1	190917	193429	0
CP001487.1	193429	195664	1
CP001487.1	195664	195736	2
CP001487.1	195736	198439	1
CP001487.1	198439	198440	0
CP001487.1	198440	198595	1
CP001487.1	198595	202806	0
CP001487.1	202806	202877	1
CP001487.1	202877	202950	0
CP001487.1	202950	203100	1
CP001487.1	203100	203105	0
CP001487.1	203105	203114	1
CP001487.1	203114	203115	0
CP001487.1	203115	203280	1
CP001487.1	203280	203282	0
CP001487.1	203282	203365	1
CP001487.1	203365	203850	0
CP001487.1	203850	203857	1
CP001487.1	203857	203858	0
CP001487.1	203858	203892	1
CP001487.1	203892	203893	0
CP001487.1	203893	203913	1
CP001487.1	203913	206479	0
CP001487.1	206479	209187	1
CP001487.1	209187	209298	2
CP001487.1	209298	210004	1
CP001487.1	210004	210666	0
CP001487.1	210666	210708	1
CP001487.1	210708	211867	0
CP001487.1	211867	211927	1
CP001487.1	211927	215489	0
CP001487.1	215489	215617	1
CP001487.1	215617	216769	0
CP001487.1	216769	216841	1
CP001487.1	216841	217980	0
CP001487.1	217980	218050	1
CP001487.1	218050	227274	0
CP001487.1	227274	227331	1
CP001487.1	227331	228829	0
CP001487.1	228829	228944	1
CP001487.1	228944	229966	0
CP001487.1	229966	230079	1
CP001487.1	230079	232440	0
CP001487.1	232440	233997	1
CP001487.1	233997	234675	0
CP001487.1	234675	234747	1
CP001487.1	234747	235062	0
CP001487.1	235062	235140	1
CP001487.1	235140	235595	0
CP001487.1	235595	235651	1
CP001487.1	235651	237358	0
CP001487.1	237358	237384	1
CP001487.1	237384	237385	0
CP001487.1	237385	237471	1
CP001487.1	237471	239278	0
CP001487.1	239278	239348	1
CP001487.1	239348	241687	0
CP001487.1	241687	241713	1
CP001487.1	241713	241715	0
CP001487.1	241715	241950	1
CP001487.1	241950	242396	0
CP001487.1	242396	242446	1
CP001487.1	242446	243925	0
CP001487.1	243925	243980	1
CP001487.1	243980	249684	0
CP001487.1	249684	249741	1
CP001487.1	249741	252322	0
CP001487.1	252322	252384	1
CP001487.1	252384	253359	0
CP001487.1	253359	253413	1
CP001487.1	253413	256450	0
CP001487.1	256450	256516	1
CP001487.1	256516	268017	0
CP001487.1	268017	268111	1
CP001487.1	268111	270999	0
CP001487.1	270999	271108	1
CP001487.1	271108	271109	0
CP001487.1	271109	271113	1
CP001487.1	271113	271114	0
CP001487.1	271114	271129	1
CP001487.1	271129	273013	0
CP001487.1	273013	273065	1
CP001487.1	273065	276059	0
CP001487.1	276059	276141	1
CP001487.1	276141	277135	0
CP001487.1	277135	277633	1
CP001487.1	277633	277843	2
CP001487.1	277843	279121	1
CP001487.1	279121	279122	0
CP001487.1	279122	279145	1
CP001487.1	279145	279146	0
CP001487.1	279146	280347	1
CP001487.1	280347	280395	0
CP001487.1	280395	280476	1
CP001487.1	280476	281646	0
CP001487.1	281646	281735	1
CP001487.1	281735	282307	0
CP001487.1	282307	282362	1
CP001487.1	282362	285892	0
CP001487.1	285892	285949	1
CP001487.1	285949	285987	0
CP001487.1	285987	286050	1
CP001487.1	286050	293226	0
CP001487.1	293226	293290	1
CP001487.1	293290	293900	0
CP001487.1	293900	293929	1
CP001487.1	293929	293971	2
CP001487.1	293971	293972	1
CP001487.1	293972	294050	2
CP001487.1	294050	294207	1
CP001487.1	294207	294848	0
CP001487.1	294848	294992	1
CP001487.1	294992	295061	0
CP001487.1	295061	295141	1
CP001487.1	295141	295182	2
CP001487.1	295182	297049	1
CP001487.1	297049	297525	0
CP001487.1	297525	297589	1
CP001487.1	297589	297678	2
CP001487.1	297678	302119	0
CP001487.1	302119	302210	1
CP001487.1	302210	302882	0
CP001487.1	302882	302932	1
CP001487.1	302932	303619	0
CP001487.1	303619	303692	1
CP001487.1	303692	307300	0
CP001487.1	307300	307362	1
CP001487.1	307362	307997	0
CP001487.1	307997	308069	1
CP001487.1	308069	308568	0
CP001487.1	308568	308624	1
CP001487.1	308624	312150	0
CP001487.1	312150	312216	1
CP001487.1	312216	315449	0
CP001487.1	315449	315523	1
CP001487.1	315523	316489	0
CP001487.1	316489	318509	1
CP001487.1	318509	321321	0
CP001487.1	321321	321400	1
CP001487.1	321400	321401	0
CP001487.1	321401	321429	1
CP001487.1	321429	321431	0
CP001487.1	321431	321441	1
CP001487.1	321441	321733	0
CP001487.1	321733	322857	1
CP001487.1	322857	322858	0
CP001487.1	322858	324892	1
CP001487.1	324892	325176	0
CP001487.1	325176	325235	1
CP001487.1	325235	325916	0
CP001487.1	325916	326039	1
CP001487.1	326039	326154	0
CP001487.1	326154	326212	1
CP001487.1	326212	338952	0
CP001487.1	338952	339008	1
CP001487.1	339008	339309	0
CP001487.1	339309	339439	1
CP001487.1	339439	339827	0
CP001487.1	339827	339867	1
CP001487.1	339867	341081	0
CP001487.1	341081	341148	1
CP001487.1	341148	341149	0
CP001487.1	341149	341188	1
CP001487.1	341188	341189	0
CP001487.1	341189	341251	1
CP001487.1	341251	341451	0
CP001487.1	341451	341550	1
CP001487.1	341550	342840	0
CP001487.1	342840	342900	1
CP001487.1	342900	348887	0
CP001487.1	348887	348935	1
CP001487.1	348935	348944	0
CP001487.1	348944	348963	1
CP001487.1	348963	349719	0
CP001487.1	349719	349768	1
CP001487.1	349768	349769	0
CP001487.1	349769	349793	1
CP001487.1	349793	349804	0
CP001487.1	349804	349850	1
CP001487.1	349850	349855	0
CP001487.1	349855	349882	1
CP001487.1	349882	349885	0
CP001487.1	349885	349923	1
CP001487.1	349923	349924	0
CP001487.1	349924	349950	1
CP001487.1	349950	353838	0
CP001487.1	353838	354128	1
CP001487.1	354128	354129	0
CP001487.1	354129	354408	1
CP001487.1	354408	354409	0
CP001487.1	354409	354433	1
CP001487.1	354433	358321	0
CP001487.1	358321	358397	1
CP001487.1	358397	361252	0
CP001487.1	361252	361305	1
CP001487.1	361305	364716	0
CP001487.1	364716	364769	1
CP001487.1	364769	366164	0
CP001487.1	366164	366217	2
CP001487.1	366217	376407	0
CP001487.1	376407	376462	1
CP001487.1	376462	381255	0
CP001487.1	381255	381359	1
CP001487.1	381359	383034	0
CP001487.1	383034	383162	1
CP001487.1	383162	385386	0
CP001487.1	385386	385440	1
CP001487.1	385440	394756	0
CP001487.1	394756	394886	1
CP001487.1	394886	395404	0
CP001487.1	395404	395431	1
CP001487.1	395431	395433	0
CP001487.1	395433	395478	1
CP001487.1	395478	395479	0
CP001487.1	395479	395522	1
CP001487.1	395522	395524	0
CP001487.1	395524	395540	1
CP001487.1	395540	395745	0
CP001487.1	395745	395796	1
CP001487.1	395796	399356	0
CP001487.1	399356	401175	1
CP001487.1	401175	402046	0
CP001487.1	402046	402095	1
CP001487.1	402095	404059	0
CP001487.1	404059	404130	1
CP001487.1	404130	404772	0
CP001487.1	404772	404839	1
CP001487.1	404839	408691	0
CP001487.1	408691	408767	1
CP001487.1	408767	415617	0
CP001487.1	415617	415691	1
CP001487.1	415691	419822	0
CP001487.1	419822	419894	1
CP001487.1	419894	421729	0
CP001487.1	421729	421776	1
CP001487.1	421776	421777	0
CP001487.1	421777	421791	1
CP001487.1	421791	426450	0
CP001487.1	426450	426580	1
CP001487.1	426580	426582	0
CP001487.1	426582	426600	1
CP001487.1	426600	436987	0
CP001487.1	436987	437100	1
CP001487.1	437100	439551	0
CP001487.1	439551	439635	1
CP001487.1	439635	440848	0
CP001487.1	440848	440917	1
CP001487.1	440917	442758	0
CP001487.1	442758	442788	1
CP001487.1	442788	442789	0
CP001487.1	442789	443472	1
CP001487.1	443472	443473	0
CP001487.1	443473	443482	1
CP001487.1	443482	443483	0
CP001487.1	443483	445714	1
CP001487.1	445714	447940	0
CP001487.1	447940	450727	1
CP001487.1	450727	451941	0
CP001487.1	451941	452007	1
CP001487.1	452007	452756	0
CP001487.1	452756	452786	1
CP001487.1	452786	452944	0
CP001487.1	452944	453011	1
CP001487.1	453011	453081	0
CP001487.1	453081	453088	1
CP001487.1	453088	453150	2
CP001487.1	453150	453168	1
CP001487.1	453168	453311	0
CP001487.1	453311	454618	1
CP001487.1	454618	456177	0
CP001487.1	456177	456255	1
CP001487.1	456255	461106	0
CP001487.1	461106	461165	1
CP001487.1	461165	467399	0
CP001487.1	467399	467457	1
CP001487.1	467457	471562	0
CP001487.1	471562	471615	1
CP001487.1	471615	471635	2
CP001487.1	471635	471655	1
CP001487.1	471655	473291	0
CP001487.1	473291	473422	1
CP001487.1	473422	479137	0
CP001487.1	479137	479204	1
CP001487.1	479204	479433	0
CP001487.1	479433	479487	1
CP001487.1	479487	480086	0
CP001487.1	480086	480147	1
CP001487.1	480147	480148	0
CP001487.1	480148	480234	1
CP001487.1	480234	480235	0
CP001487.1	480235	480282	1
CP001487.1	480282	485865	0
CP001487.1	485865	485899	1
CP001487.1	485899	485903	0
CP001487.1	485903	485937	1
CP001487.1	485937	485938	0
CP001487.1	485938	485954	1
CP001487.1	485954	486907	0
CP001487.1	486907	486958	1
CP001487.1	486958	488735	0
CP001487.1	488735	488787	1
CP001487.1	488787	489212	0
CP001487.1	489212	493190	1
CP001487.1	493190	500335	0
CP001487.1	500335	500386	1
CP001487.1	500386	507998	0
CP001487.1	507998	508063	1
CP001487.1	508063	508790	0
CP001487.1	508790	508850	1
CP001487.1	508850	515202	0
CP001487.1	515202	515217	1
CP001487.1	515217	515222	0
CP001487.1	515222	515294	1
CP001487.1	515294	521250	0
CP001487.1	521250	521319	1
CP001487.1	521319	523434	0
CP001487.1	523434	523496	1
CP001487.1	523496	523497	0
CP001487.1	523497	523544	1
CP001487.1	523544	523906	0
CP001487.1	523906	523999	1
CP001487.1	523999	529252	0
CP001487.1	529252	529316	1
CP001487.1	529316	529805	0
CP001487.1	529805	529837	1
CP001487.1	529837	529839	0
CP001487.1	529839	529873	1
CP001487.1	529873	529959	0
CP001487.1	529959	530114	1
CP001487.1	530114	545637	0
CP001487.1	545637	545999	1
CP001487.1	545999	546010	0
CP001487.1	546010	546028	1
CP001487.1	546028	546492	0
CP001487.1	546492	546570	1
CP001487.1	546570	558663	0
CP001487.1	558663	558725	1
CP001487.1	558725	559195	0
CP001487.1	559195	559250	1
CP001487.1	559250	561665	0
CP001487.1	561665	561723	1
CP001487.1	561723	565363	0
CP001487.1	565363	565499	1
CP001487.1	565499	565500	0
CP001487.1	565500	566828	1
CP001487.1	566828	570002	0
CP001487.1	570002	570021	1
CP001487.1	570021	570022	0
CP001487.1	570022	570062	1
CP001487.1	570062	578283	0
CP001487.1	578283	578349	1
CP001487.1	578349	586008	0
CP001487.1	586008	586061	1
CP001487.1	586061	586378	0
CP001487.1	586378	586446	1
CP001487.1	586446	596431	0
CP001487.1	596431	596550	1
CP001487.1	596550	599554	0
CP001487.1	599554	599608	1
CP001487.1	599608	606682	0
CP001487.1	606682	606747	1
CP001487.1	606747	606992	0
CP001487.1	606992	607046	1
CP001487.1	607046	607047	0
CP001487.1	607047	607050	1
CP001487.1	607050	607507	0
CP001487.1	607507	607603	1
CP001487.1	607603	615229	0
CP001487.1	615229	615308	1
CP001487.1	615308	617049	0
CP001487.1	617049	617121	1
CP001487.1	617121	617123	0
CP001487.1	617123	617200	1
CP001487.1	617200	618196	0
CP001487.1	618196	618258	1
CP001487.1	618258	619241	0
CP001487.1	619241	619302	1
CP001487.1	619302	621985	0
CP001487.1	621985	622017	1
CP001487.1	622017	622039	2
CP001487.1	622039	622047	1
CP001487.1	622047	623002	0
CP001487.1	623002	623063	1
CP001487.1	623063	623809	0
CP001487.1	623809	623861	1
CP001487.1	623861	625270	0
CP001487.1	625270	625318	1
CP001487.1	625318	625319	0
CP001487.1	625319	625339	1
CP001487.1	625339	627450	0
CP001487.1	627450	627593	1
CP001487.1	627593	627605	0
CP001487.1	627605	627613	1
CP001487.1	627613	627618	0
CP001487.1	627618	627689	1
CP001487.1	627689	634435	0
CP001487.1	634435	634500	1
CP001487.1	634500	636044	0
CP001487.1	636044	636120	1
CP001487.1	636120	636850	0
