CP049785.1	0	914	0
CP049785.1	914	1050	1
CP049785.1	1050	7237	0
CP049785.1	7237	7349	1
CP049785.1	7349	11358	0
CP049785.1	11358	11519	1
CP049785.1	11519	12629	0
CP049785.1	12629	12745	1
CP049785.1	12745	13511	0
CP049785.1	13511	13622	1
CP049785.1	13622	14975	0
CP049785.1	14975	15058	1
CP049785.1	15058	15124	2
CP049785.1	15124	15274	0
CP049785.1	15274	15495	1
CP049785.1	15495	15548	0
CP049785.1	15548	15742	1
CP049785.1	15742	16428	0
CP049785.1	16428	16517	1
CP049785.1	16517	17919	0
CP049785.1	17919	17991	1
CP049785.1	17991	18282	0
CP049785.1	18282	18334	1
CP049785.1	18334	20786	0
CP049785.1	20786	20848	1
CP049785.1	20848	20850	0
CP049785.1	20850	20880	1
CP049785.1	20880	22506	0
CP049785.1	22506	22564	1
CP049785.1	22564	24463	0
CP049785.1	24463	24625	1
CP049785.1	24625	25609	0
CP049785.1	25609	25661	1
CP049785.1	25661	26201	0
CP049785.1	26201	26260	1
CP049785.1	26260	26474	0
CP049785.1	26474	26635	1
CP049785.1	26635	27135	0
CP049785.1	27135	27259	1
CP049785.1	27259	27362	0
CP049785.1	27362	27422	1
CP049785.1	27422	28583	0
CP049785.1	28583	28646	1
CP049785.1	28646	28648	0
CP049785.1	28648	28707	1
CP049785.1	28707	29769	0
CP049785.1	29769	29959	1
CP049785.1	29959	31298	0
CP049785.1	31298	31318	1
CP049785.1	31318	31321	0
CP049785.1	31321	31384	1
CP049785.1	31384	31583	0
CP049785.1	31583	31596	1
CP049785.1	31596	31597	0
CP049785.1	31597	31669	1
CP049785.1	31669	33681	0
CP049785.1	33681	33735	1
CP049785.1	33735	34856	0
CP049785.1	34856	34879	1
CP049785.1	34879	34880	0
CP049785.1	34880	34930	1
CP049785.1	34930	35890	0
CP049785.1	35890	36018	1
CP049785.1	36018	36084	0
CP049785.1	36084	36241	1
CP049785.1	36241	36604	0
CP049785.1	36604	36640	1
CP049785.1	36640	36652	0
CP049785.1	36652	36790	1
CP049785.1	36790	37546	0
CP049785.1	37546	37626	1
CP049785.1	37626	41127	0
CP049785.1	41127	41154	1
CP049785.1	41154	41157	0
CP049785.1	41157	41193	1
CP049785.1	41193	41194	0
CP049785.1	41194	41296	1
CP049785.1	41296	43784	0
CP049785.1	43784	43850	1
CP049785.1	43850	45844	0
CP049785.1	45844	46057	1
CP049785.1	46057	46593	0
CP049785.1	46593	46758	1
CP049785.1	46758	48049	0
CP049785.1	48049	48109	1
CP049785.1	48109	49656	0
CP049785.1	49656	49749	1
CP049785.1	49749	49757	0
CP049785.1	49757	49833	1
CP049785.1	49833	50250	0
CP049785.1	50250	50384	1
CP049785.1	50384	50431	0
CP049785.1	50431	50485	1
CP049785.1	50485	50524	0
CP049785.1	50524	50726	1
CP049785.1	50726	53373	0
CP049785.1	53373	53403	1
CP049785.1	53403	53406	0
CP049785.1	53406	53432	1
CP049785.1	53432	53453	2
CP049785.1	53453	53463	3
CP049785.1	53463	53484	2
CP049785.1	53484	53501	1
CP049785.1	53501	53868	0
CP049785.1	53868	53964	1
CP049785.1	53964	54376	0
CP049785.1	54376	54510	1
CP049785.1	54510	55571	0
CP049785.1	55571	55658	1
CP049785.1	55658	55659	0
CP049785.1	55659	55716	1
CP049785.1	55716	55799	3
CP049785.1	55799	55849	1
CP049785.1	55849	59527	0
CP049785.1	59527	59679	1
CP049785.1	59679	59680	0
CP049785.1	59680	59706	1
CP049785.1	59706	62140	0
CP049785.1	62140	62199	1
CP049785.1	62199	63411	0
CP049785.1	63411	63498	1
CP049785.1	63498	63499	0
CP049785.1	63499	63565	1
CP049785.1	63565	63573	0
CP049785.1	63573	63596	1
CP049785.1	63596	63597	0
CP049785.1	63597	63724	1
CP049785.1	63724	63815	0
CP049785.1	63815	64078	1
CP049785.1	64078	69480	0
CP049785.1	69480	69576	1
CP049785.1	69576	69607	0
CP049785.1	69607	69698	1
CP049785.1	69698	71407	0
CP049785.1	71407	71544	1
CP049785.1	71544	71695	0
CP049785.1	71695	71791	1
CP049785.1	71791	72040	0
CP049785.1	72040	72160	1
CP049785.1	72160	75135	0
CP049785.1	75135	75273	1
CP049785.1	75273	75616	0
CP049785.1	75616	75733	1
CP049785.1	75733	77516	0
CP049785.1	77516	77618	1
CP049785.1	77618	77810	0
CP049785.1	77810	77850	1
CP049785.1	77850	77851	0
CP049785.1	77851	77884	1
CP049785.1	77884	81559	0
CP049785.1	81559	81608	1
CP049785.1	81608	82893	0
CP049785.1	82893	83020	1
CP049785.1	83020	83161	0
CP049785.1	83161	83211	1
CP049785.1	83211	84475	0
CP049785.1	84475	84541	1
CP049785.1	84541	84759	0
CP049785.1	84759	84828	1
CP049785.1	84828	85948	0
CP049785.1	85948	86073	1
CP049785.1	86073	86702	0
CP049785.1	86702	86782	1
CP049785.1	86782	87050	0
CP049785.1	87050	87089	1
CP049785.1	87089	87114	2
CP049785.1	87114	87159	1
CP049785.1	87159	89031	0
CP049785.1	89031	89132	1
CP049785.1	89132	89977	0
CP049785.1	89977	90084	1
CP049785.1	90084	91076	0
CP049785.1	91076	91127	1
CP049785.1	91127	92088	0
CP049785.1	92088	92148	1
CP049785.1	92148	92484	0
CP049785.1	92484	92512	1
CP049785.1	92512	92535	2
CP049785.1	92535	92548	3
CP049785.1	92548	92556	4
CP049785.1	92556	92559	3
CP049785.1	92559	92560	2
CP049785.1	92560	92564	3
CP049785.1	92564	92582	4
CP049785.1	92582	92583	3
CP049785.1	92583	92603	4
CP049785.1	92603	92609	3
CP049785.1	92609	92610	2
CP049785.1	92610	92615	3
CP049785.1	92615	92631	2
CP049785.1	92631	92689	1
CP049785.1	92689	93016	0
CP049785.1	93016	93161	1
CP049785.1	93161	93590	0
CP049785.1	93590	93662	1
CP049785.1	93662	94311	0
CP049785.1	94311	94383	1
CP049785.1	94383	94529	0
CP049785.1	94529	94682	1
CP049785.1	94682	94753	0
CP049785.1	94753	94883	1
CP049785.1	94883	95332	0
CP049785.1	95332	95451	1
CP049785.1	95451	100258	0
CP049785.1	100258	100398	1
CP049785.1	100398	100987	0
CP049785.1	100987	101125	1
CP049785.1	101125	101917	0
CP049785.1	101917	102058	1
CP049785.1	102058	103989	0
CP049785.1	103989	104072	1
CP049785.1	104072	106914	0
CP049785.1	106914	106980	1
CP049785.1	106980	107653	0
CP049785.1	107653	107722	1
CP049785.1	107722	108885	0
CP049785.1	108885	108995	1
CP049785.1	108995	111348	0
CP049785.1	111348	111451	1
CP049785.1	111451	112236	0
CP049785.1	112236	112326	1
CP049785.1	112326	113176	0
CP049785.1	113176	113398	1
CP049785.1	113398	113404	0
CP049785.1	113404	113486	1
CP049785.1	113486	114583	0
CP049785.1	114583	114687	1
CP049785.1	114687	115184	0
CP049785.1	115184	115202	1
CP049785.1	115202	115203	0
CP049785.1	115203	115278	1
CP049785.1	115278	115281	0
CP049785.1	115281	115285	1
CP049785.1	115285	115286	0
CP049785.1	115286	115328	1
CP049785.1	115328	117341	0
CP049785.1	117341	117431	1
CP049785.1	117431	117432	0
CP049785.1	117432	117461	1
CP049785.1	117461	117682	0
CP049785.1	117682	117724	1
CP049785.1	117724	117725	0
CP049785.1	117725	117969	1
CP049785.1	117969	118294	0
CP049785.1	118294	118353	1
CP049785.1	118353	118364	0
CP049785.1	118364	118390	1
CP049785.1	118390	118429	2
CP049785.1	118429	118430	1
CP049785.1	118430	118488	2
CP049785.1	118488	118509	1
CP049785.1	118509	118512	0
CP049785.1	118512	118541	1
CP049785.1	118541	119340	0
CP049785.1	119340	119395	1
CP049785.1	119395	119399	0
CP049785.1	119399	119412	1
CP049785.1	119412	119662	0
CP049785.1	119662	119714	1
CP049785.1	119714	119856	0
CP049785.1	119856	120013	1
CP049785.1	120013	121394	0
CP049785.1	121394	121469	1
CP049785.1	121469	121582	0
CP049785.1	121582	121718	1
CP049785.1	121718	122006	0
CP049785.1	122006	122170	1
CP049785.1	122170	124161	0
CP049785.1	124161	124257	1
CP049785.1	124257	124260	0
CP049785.1	124260	124309	1
CP049785.1	124309	125245	0
CP049785.1	125245	125372	1
CP049785.1	125372	126656	0
CP049785.1	126656	126717	1
CP049785.1	126717	128667	0
CP049785.1	128667	128769	1
CP049785.1	128769	128770	0
CP049785.1	128770	128802	1
CP049785.1	128802	130594	0
CP049785.1	130594	130644	1
CP049785.1	130644	131884	0
CP049785.1	131884	131924	1
CP049785.1	131924	132330	0
CP049785.1	132330	132347	1
CP049785.1	132347	132430	2
CP049785.1	132430	132522	1
CP049785.1	132522	135959	0
CP049785.1	135959	136124	1
CP049785.1	136124	136154	0
CP049785.1	136154	136332	1
CP049785.1	136332	136571	0
CP049785.1	136571	136594	1
CP049785.1	136594	136620	2
CP049785.1	136620	136621	1
CP049785.1	136621	136673	2
CP049785.1	136673	136739	1
CP049785.1	136739	137842	0
CP049785.1	137842	137844	1
CP049785.1	137844	137880	2
CP049785.1	137880	137888	3
CP049785.1	137888	137889	1
CP049785.1	137889	137909	3
CP049785.1	137909	137942	2
CP049785.1	137942	137949	3
CP049785.1	137949	137976	2
CP049785.1	137976	138001	1
CP049785.1	138001	140383	0
CP049785.1	140383	140452	1
CP049785.1	140452	140455	0
CP049785.1	140455	140525	1
CP049785.1	140525	140890	0
CP049785.1	140890	140940	1
CP049785.1	140940	141522	0
CP049785.1	141522	141572	1
CP049785.1	141572	146639	0
CP049785.1	146639	146818	1
CP049785.1	146818	147075	0
CP049785.1	147075	147089	1
CP049785.1	147089	147090	0
CP049785.1	147090	147123	1
CP049785.1	147123	147124	0
CP049785.1	147124	147237	1
CP049785.1	147237	149093	0
CP049785.1	149093	149135	1
CP049785.1	149135	149136	0
CP049785.1	149136	149184	1
CP049785.1	149184	149186	0
CP049785.1	149186	149204	1
CP049785.1	149204	149676	0
CP049785.1	149676	149782	1
CP049785.1	149782	149888	0
CP049785.1	149888	149990	1
CP049785.1	149990	149991	0
CP049785.1	149991	150017	1
CP049785.1	150017	150287	0
CP049785.1	150287	150445	1
CP049785.1	150445	150926	0
CP049785.1	150926	151041	1
CP049785.1	151041	151066	2
CP049785.1	151066	151129	1
CP049785.1	151129	151801	0
CP049785.1	151801	151863	1
CP049785.1	151863	151866	0
CP049785.1	151866	151946	1
CP049785.1	151946	152924	0
CP049785.1	152924	152977	1
CP049785.1	152977	153995	0
CP049785.1	153995	154079	1
CP049785.1	154079	154126	0
CP049785.1	154126	154201	1
CP049785.1	154201	156779	0
CP049785.1	156779	156836	1
CP049785.1	156836	156842	2
CP049785.1	156842	156869	1
CP049785.1	156869	156921	2
CP049785.1	156921	156961	1
CP049785.1	156961	156964	0
CP049785.1	156964	156981	1
CP049785.1	156981	158897	0
CP049785.1	158897	158953	1
CP049785.1	158953	161056	0
CP049785.1	161056	161141	1
CP049785.1	161141	165108	0
CP049785.1	165108	165173	1
CP049785.1	165173	165354	0
CP049785.1	165354	165467	1
CP049785.1	165467	167244	0
CP049785.1	167244	167319	1
CP049785.1	167319	167581	0
CP049785.1	167581	167637	1
CP049785.1	167637	168177	0
CP049785.1	168177	168276	1
CP049785.1	168276	168781	0
CP049785.1	168781	168890	1
CP049785.1	168890	169690	0
CP049785.1	169690	169771	1
CP049785.1	169771	169886	0
CP049785.1	169886	169952	1
CP049785.1	169952	169955	0
CP049785.1	169955	169990	1
CP049785.1	169990	172103	0
CP049785.1	172103	172183	1
CP049785.1	172183	172290	2
CP049785.1	172290	172451	1
CP049785.1	172451	174096	0
CP049785.1	174096	174105	1
CP049785.1	174105	174175	2
CP049785.1	174175	174176	1
CP049785.1	174176	174232	2
CP049785.1	174232	174251	1
CP049785.1	174251	174587	0
CP049785.1	174587	174724	1
CP049785.1	174724	175984	0
CP049785.1	175984	176043	1
CP049785.1	176043	176851	0
CP049785.1	176851	176956	1
CP049785.1	176956	177721	0
CP049785.1	177721	177759	1
CP049785.1	177759	177828	2
CP049785.1	177828	177908	1
CP049785.1	177908	178960	0
CP049785.1	178960	179028	1
CP049785.1	179028	179033	0
CP049785.1	179033	179099	1
CP049785.1	179099	179832	0
CP049785.1	179832	179974	1
CP049785.1	179974	180521	0
CP049785.1	180521	180608	1
CP049785.1	180608	185772	0
CP049785.1	185772	185832	1
CP049785.1	185832	186288	0
CP049785.1	186288	186363	1
CP049785.1	186363	187800	0
CP049785.1	187800	187901	1
CP049785.1	187901	188561	0
CP049785.1	188561	188640	1
CP049785.1	188640	192075	0
CP049785.1	192075	192132	1
CP049785.1	192132	196514	0
CP049785.1	196514	196604	1
CP049785.1	196604	198488	0
CP049785.1	198488	198561	1
CP049785.1	198561	198691	0
CP049785.1	198691	198814	1
CP049785.1	198814	198869	2
CP049785.1	198869	198876	1
CP049785.1	198876	201085	0
CP049785.1	201085	201169	1
CP049785.1	201169	201693	0
CP049785.1	201693	201815	1
CP049785.1	201815	201881	0
CP049785.1	201881	201943	1
CP049785.1	201943	202259	0
CP049785.1	202259	202399	1
CP049785.1	202399	202546	0
CP049785.1	202546	202567	1
CP049785.1	202567	202568	0
CP049785.1	202568	202622	1
CP049785.1	202622	204746	0
CP049785.1	204746	204790	1
CP049785.1	204790	204791	0
CP049785.1	204791	204825	1
CP049785.1	204825	204829	0
CP049785.1	204829	204874	1
CP049785.1	204874	207836	0
CP049785.1	207836	207934	1
CP049785.1	207934	207936	2
CP049785.1	207936	208004	1
CP049785.1	208004	208205	0
CP049785.1	208205	208247	1
CP049785.1	208247	208279	2
CP049785.1	208279	208342	1
CP049785.1	208342	210042	0
CP049785.1	210042	210119	1
CP049785.1	210119	210468	0
CP049785.1	210468	210507	1
CP049785.1	210507	210508	0
CP049785.1	210508	210594	1
CP049785.1	210594	210616	0
CP049785.1	210616	210694	1
CP049785.1	210694	212749	0
CP049785.1	212749	212799	1
CP049785.1	212799	214633	0
CP049785.1	214633	214781	1
CP049785.1	214781	214790	0
CP049785.1	214790	214888	1
CP049785.1	214888	215456	0
CP049785.1	215456	215501	1
CP049785.1	215501	215502	0
CP049785.1	215502	215559	1
CP049785.1	215559	217134	0
CP049785.1	217134	217238	1
CP049785.1	217238	217765	0
CP049785.1	217765	217897	1
CP049785.1	217897	218172	0
CP049785.1	218172	218250	1
CP049785.1	218250	219647	0
CP049785.1	219647	219857	1
CP049785.1	219857	220419	0
CP049785.1	220419	220478	2
CP049785.1	220478	220494	1
CP049785.1	220494	220495	0
CP049785.1	220495	220582	1
CP049785.1	220582	221402	0
CP049785.1	221402	221490	1
CP049785.1	221490	222816	0
CP049785.1	222816	222893	1
CP049785.1	222893	223508	0
CP049785.1	223508	223641	1
CP049785.1	223641	223783	0
CP049785.1	223783	223839	1
CP049785.1	223839	226602	0
CP049785.1	226602	226684	1
CP049785.1	226684	227891	0
CP049785.1	227891	227967	1
CP049785.1	227967	229289	0
CP049785.1	229289	229321	1
CP049785.1	229321	229324	0
CP049785.1	229324	229409	1
CP049785.1	229409	230054	0
CP049785.1	230054	230329	1
CP049785.1	230329	230541	0
CP049785.1	230541	230627	1
CP049785.1	230627	231721	0
CP049785.1	231721	231776	1
CP049785.1	231776	233546	0
CP049785.1	233546	233635	1
CP049785.1	233635	236062	0
CP049785.1	236062	236217	1
CP049785.1	236217	237222	0
CP049785.1	237222	237297	1
CP049785.1	237297	244476	0
CP049785.1	244476	244548	1
CP049785.1	244548	245178	0
CP049785.1	245178	245399	1
CP049785.1	245399	245515	0
CP049785.1	245515	245605	1
CP049785.1	245605	247220	0
CP049785.1	247220	247418	1
CP049785.1	247418	250450	0
CP049785.1	250450	250535	1
CP049785.1	250535	250570	2
CP049785.1	250570	250621	1
CP049785.1	250621	250720	0
CP049785.1	250720	250791	1
CP049785.1	250791	250856	2
CP049785.1	250856	250967	1
CP049785.1	250967	251063	0
CP049785.1	251063	251154	1
CP049785.1	251154	251157	2
CP049785.1	251157	251423	1
CP049785.1	251423	251424	0
CP049785.1	251424	251449	1
CP049785.1	251449	257363	0
CP049785.1	257363	257427	1
CP049785.1	257427	259294	0
CP049785.1	259294	259330	1
CP049785.1	259330	259335	0
CP049785.1	259335	259343	1
CP049785.1	259343	259344	0
CP049785.1	259344	259400	1
CP049785.1	259400	259407	0
CP049785.1	259407	259468	1
CP049785.1	259468	259470	0
CP049785.1	259470	259543	1
CP049785.1	259543	259767	0
CP049785.1	259767	259884	1
CP049785.1	259884	260352	0
CP049785.1	260352	260513	1
CP049785.1	260513	260678	0
CP049785.1	260678	260743	1
CP049785.1	260743	260744	0
CP049785.1	260744	260827	1
CP049785.1	260827	264344	0
CP049785.1	264344	264429	1
CP049785.1	264429	264430	0
CP049785.1	264430	264445	1
CP049785.1	264445	265136	0
CP049785.1	265136	265154	1
CP049785.1	265154	265158	0
CP049785.1	265158	265172	1
CP049785.1	265172	265174	0
CP049785.1	265174	265204	1
CP049785.1	265204	265480	0
CP049785.1	265480	265532	1
CP049785.1	265532	269208	0
CP049785.1	269208	269337	1
CP049785.1	269337	269720	0
CP049785.1	269720	269849	1
CP049785.1	269849	271164	0
CP049785.1	271164	271254	1
CP049785.1	271254	272552	0
CP049785.1	272552	272692	1
CP049785.1	272692	272693	0
CP049785.1	272693	272695	1
CP049785.1	272695	272749	2
CP049785.1	272749	272750	1
CP049785.1	272750	272798	2
CP049785.1	272798	272803	1
CP049785.1	272803	274827	0
CP049785.1	274827	274924	1
CP049785.1	274924	274925	0
CP049785.1	274925	274960	1
CP049785.1	274960	275659	0
CP049785.1	275659	275682	1
CP049785.1	275682	275707	2
CP049785.1	275707	275709	1
CP049785.1	275709	275727	2
CP049785.1	275727	275728	1
CP049785.1	275728	276211	0
CP049785.1	276211	276232	1
CP049785.1	276232	276234	0
CP049785.1	276234	276262	1
CP049785.1	276262	276263	0
CP049785.1	276263	276277	1
CP049785.1	276277	276282	0
CP049785.1	276282	276366	1
CP049785.1	276366	277037	0
CP049785.1	277037	277138	1
CP049785.1	277138	281544	0
CP049785.1	281544	281569	1
CP049785.1	281569	281577	0
CP049785.1	281577	281673	1
CP049785.1	281673	281892	0
CP049785.1	281892	281951	1
CP049785.1	281951	282972	0
CP049785.1	282972	283112	1
CP049785.1	283112	283814	0
CP049785.1	283814	284116	1
CP049785.1	284116	284630	0
CP049785.1	284630	284711	1
CP049785.1	284711	285749	0
CP049785.1	285749	285856	1
CP049785.1	285856	286472	0
CP049785.1	286472	286594	1
CP049785.1	286594	287080	0
CP049785.1	287080	287185	1
CP049785.1	287185	294541	0
CP049785.1	294541	294613	1
CP049785.1	294613	295085	0
CP049785.1	295085	295141	1
CP049785.1	295141	295245	0
CP049785.1	295245	295316	1
CP049785.1	295316	295656	0
CP049785.1	295656	295715	1
CP049785.1	295715	296507	0
CP049785.1	296507	296528	1
CP049785.1	296528	296530	0
CP049785.1	296530	296605	1
CP049785.1	296605	296916	0
CP049785.1	296916	297189	1
CP049785.1	297189	298165	0
CP049785.1	298165	298239	1
CP049785.1	298239	298765	0
CP049785.1	298765	298842	1
CP049785.1	298842	299177	0
CP049785.1	299177	299207	1
CP049785.1	299207	299208	0
CP049785.1	299208	299259	1
CP049785.1	299259	299803	0
CP049785.1	299803	299860	1
CP049785.1	299860	299864	2
CP049785.1	299864	299866	1
CP049785.1	299866	299911	2
CP049785.1	299911	299985	1
CP049785.1	299985	300404	0
CP049785.1	300404	300581	1
CP049785.1	300581	303056	0
CP049785.1	303056	303095	1
CP049785.1	303095	303113	0
CP049785.1	303113	303188	1
CP049785.1	303188	305653	0
CP049785.1	305653	305688	1
CP049785.1	305688	305689	0
CP049785.1	305689	305710	1
CP049785.1	305710	305711	0
CP049785.1	305711	305715	1
CP049785.1	305715	305719	0
CP049785.1	305719	305825	1
CP049785.1	305825	306922	0
CP049785.1	306922	307081	1
CP049785.1	307081	307372	0
CP049785.1	307372	307440	1
CP049785.1	307440	307441	0
CP049785.1	307441	307538	1
CP049785.1	307538	307794	0
CP049785.1	307794	307860	1
CP049785.1	307860	308466	0
CP049785.1	308466	308570	1
CP049785.1	308570	308619	0
CP049785.1	308619	308711	1
CP049785.1	308711	312759	0
CP049785.1	312759	312823	1
CP049785.1	312823	313785	0
CP049785.1	313785	313842	1
CP049785.1	313842	313843	0
CP049785.1	313843	313897	1
CP049785.1	313897	314077	0
CP049785.1	314077	314128	1
CP049785.1	314128	314129	0
CP049785.1	314129	314141	1
CP049785.1	314141	314550	0
CP049785.1	314550	314689	1
CP049785.1	314689	314693	0
CP049785.1	314693	314863	1
CP049785.1	314863	315273	0
CP049785.1	315273	315372	1
CP049785.1	315372	316556	0
CP049785.1	316556	316606	1
CP049785.1	316606	316607	0
CP049785.1	316607	316722	1
CP049785.1	316722	316736	0
CP049785.1	316736	316746	1
CP049785.1	316746	316761	0
CP049785.1	316761	316954	1
CP049785.1	316954	318498	0
CP049785.1	318498	318592	1
CP049785.1	318592	319377	0
CP049785.1	319377	319456	1
CP049785.1	319456	322804	0
CP049785.1	322804	322900	1
CP049785.1	322900	322905	0
CP049785.1	322905	322977	1
CP049785.1	322977	323554	0
CP049785.1	323554	323560	1
CP049785.1	323560	323561	0
CP049785.1	323561	323617	1
CP049785.1	323617	323619	0
CP049785.1	323619	323675	1
CP049785.1	323675	323679	0
CP049785.1	323679	323704	1
CP049785.1	323704	324005	0
CP049785.1	324005	324102	1
CP049785.1	324102	325607	0
CP049785.1	325607	325631	1
CP049785.1	325631	325695	2
CP049785.1	325695	325709	1
CP049785.1	325709	327652	0
CP049785.1	327652	327724	1
CP049785.1	327724	329350	0
CP049785.1	329350	329405	1
CP049785.1	329405	331314	0
CP049785.1	331314	331381	1
CP049785.1	331381	331382	0
CP049785.1	331382	331404	1
CP049785.1	331404	331405	0
CP049785.1	331405	331431	1
CP049785.1	331431	331613	0
CP049785.1	331613	331764	1
CP049785.1	331764	337486	0
CP049785.1	337486	337555	1
CP049785.1	337555	337556	0
CP049785.1	337556	337605	1
CP049785.1	337605	338175	0
CP049785.1	338175	338250	1
CP049785.1	338250	338444	0
CP049785.1	338444	338662	1
CP049785.1	338662	338749	0
CP049785.1	338749	338818	1
CP049785.1	338818	339568	0
CP049785.1	339568	339615	1
CP049785.1	339615	339618	0
CP049785.1	339618	339668	1
CP049785.1	339668	340295	0
CP049785.1	340295	340436	1
CP049785.1	340436	341211	0
CP049785.1	341211	341267	1
CP049785.1	341267	341302	2
CP049785.1	341302	341375	1
CP049785.1	341375	341670	0
CP049785.1	341670	341724	1
CP049785.1	341724	344012	0
CP049785.1	344012	344109	1
CP049785.1	344109	344367	0
CP049785.1	344367	344414	1
CP049785.1	344414	344735	0
CP049785.1	344735	344812	1
CP049785.1	344812	345720	0
CP049785.1	345720	345818	1
CP049785.1	345818	347398	0
CP049785.1	347398	347452	1
CP049785.1	347452	349010	0
CP049785.1	349010	349180	1
CP049785.1	349180	349717	0
CP049785.1	349717	349742	1
CP049785.1	349742	349743	0
CP049785.1	349743	349781	1
CP049785.1	349781	349842	0
CP049785.1	349842	349904	1
CP049785.1	349904	350575	0
CP049785.1	350575	350584	1
CP049785.1	350584	350613	2
CP049785.1	350613	350616	1
CP049785.1	350616	350625	2
CP049785.1	350625	350632	1
CP049785.1	350632	350637	2
CP049785.1	350637	350720	1
CP049785.1	350720	352506	0
CP049785.1	352506	352564	1
CP049785.1	352564	352566	0
CP049785.1	352566	352579	1
CP049785.1	352579	352581	0
CP049785.1	352581	352729	1
CP049785.1	352729	352767	2
CP049785.1	352767	352793	1
CP049785.1	352793	353178	0
CP049785.1	353178	353289	1
CP049785.1	353289	353362	0
CP049785.1	353362	353422	1
CP049785.1	353422	354433	0
CP049785.1	354433	354505	1
CP049785.1	354505	354791	0
CP049785.1	354791	354844	1
CP049785.1	354844	355819	0
CP049785.1	355819	356011	1
CP049785.1	356011	360770	0
CP049785.1	360770	360829	1
CP049785.1	360829	361554	0
CP049785.1	361554	361650	1
CP049785.1	361650	362006	0
CP049785.1	362006	362100	1
CP049785.1	362100	362861	0
CP049785.1	362861	362930	1
CP049785.1	362930	362932	0
CP049785.1	362932	362982	1
CP049785.1	362982	363866	0
CP049785.1	363866	363923	1
CP049785.1	363923	363924	0
CP049785.1	363924	363987	1
CP049785.1	363987	364025	2
CP049785.1	364025	364139	1
CP049785.1	364139	364298	0
CP049785.1	364298	364359	1
CP049785.1	364359	364631	0
CP049785.1	364631	364683	1
CP049785.1	364683	364778	0
CP049785.1	364778	364787	1
CP049785.1	364787	364788	0
CP049785.1	364788	364841	1
CP049785.1	364841	364858	0
CP049785.1	364858	364937	1
CP049785.1	364937	365873	0
CP049785.1	365873	365940	1
CP049785.1	365940	367720	0
CP049785.1	367720	367748	1
CP049785.1	367748	367751	0
CP049785.1	367751	367877	1
CP049785.1	367877	371141	0
CP049785.1	371141	371291	1
CP049785.1	371291	373070	0
CP049785.1	373070	373191	1
CP049785.1	373191	373226	2
CP049785.1	373226	373234	3
CP049785.1	373234	373276	2
CP049785.1	373276	373295	1
CP049785.1	373295	373564	0
CP049785.1	373564	373648	1
CP049785.1	373648	374098	0
CP049785.1	374098	374237	1
CP049785.1	374237	375380	0
CP049785.1	375380	375478	1
CP049785.1	375478	376497	0
CP049785.1	376497	376559	1
CP049785.1	376559	377738	0
CP049785.1	377738	377910	1
CP049785.1	377910	380723	0
CP049785.1	380723	380737	1
CP049785.1	380737	380738	0
CP049785.1	380738	380851	1
CP049785.1	380851	380932	0
CP049785.1	380932	381060	1
CP049785.1	381060	381673	0
CP049785.1	381673	381702	1
CP049785.1	381702	381708	0
CP049785.1	381708	381844	1
CP049785.1	381844	383564	0
CP049785.1	383564	383642	1
CP049785.1	383642	383865	0
CP049785.1	383865	383944	1
CP049785.1	383944	383946	0
CP049785.1	383946	383958	1
CP049785.1	383958	385162	0
CP049785.1	385162	385290	1
CP049785.1	385290	388374	0
CP049785.1	388374	388512	1
CP049785.1	388512	388980	0
CP049785.1	388980	388989	1
CP049785.1	388989	389048	2
CP049785.1	389048	389156	1
CP049785.1	389156	393121	0
CP049785.1	393121	393202	1
CP049785.1	393202	393203	0
CP049785.1	393203	393237	1
CP049785.1	393237	393887	0
CP049785.1	393887	394000	1
CP049785.1	394000	395293	0
CP049785.1	395293	395301	1
CP049785.1	395301	395353	2
CP049785.1	395353	395370	1
CP049785.1	395370	395932	0
CP049785.1	395932	396029	1
CP049785.1	396029	398129	0
CP049785.1	398129	398229	1
CP049785.1	398229	398471	0
CP049785.1	398471	398502	1
CP049785.1	398502	398505	0
CP049785.1	398505	398562	1
CP049785.1	398562	398843	0
CP049785.1	398843	398948	1
CP049785.1	398948	398952	0
CP049785.1	398952	398997	1
CP049785.1	398997	399696	0
CP049785.1	399696	399899	1
CP049785.1	399899	399988	0
CP049785.1	399988	400080	1
CP049785.1	400080	401326	0
CP049785.1	401326	401377	1
CP049785.1	401377	401672	0
CP049785.1	401672	401804	1
CP049785.1	401804	401833	0
CP049785.1	401833	401911	1
CP049785.1	401911	401913	0
CP049785.1	401913	402006	1
CP049785.1	402006	402761	0
CP049785.1	402761	403318	1
CP049785.1	403318	403850	0
CP049785.1	403850	403865	1
CP049785.1	403865	403872	0
CP049785.1	403872	403924	1
CP049785.1	403924	404541	0
CP049785.1	404541	404595	1
CP049785.1	404595	406357	0
CP049785.1	406357	406470	1
CP049785.1	406470	406786	0
CP049785.1	406786	406931	1
CP049785.1	406931	410621	0
CP049785.1	410621	410746	1
CP049785.1	410746	411287	0
CP049785.1	411287	411381	1
CP049785.1	411381	411382	0
CP049785.1	411382	411618	1
CP049785.1	411618	413189	0
CP049785.1	413189	413398	1
CP049785.1	413398	413405	0
CP049785.1	413405	413459	1
CP049785.1	413459	413460	0
CP049785.1	413460	413623	1
CP049785.1	413623	413808	0
CP049785.1	413808	413870	1
CP049785.1	413870	413876	0
CP049785.1	413876	413949	1
CP049785.1	413949	415709	0
CP049785.1	415709	415770	1
CP049785.1	415770	416036	0
CP049785.1	416036	416101	1
CP049785.1	416101	416632	0
CP049785.1	416632	416650	1
CP049785.1	416650	416652	2
CP049785.1	416652	416679	3
CP049785.1	416679	416682	2
CP049785.1	416682	416694	3
CP049785.1	416694	416695	2
CP049785.1	416695	416774	3
CP049785.1	416774	416792	2
CP049785.1	416792	416851	1
CP049785.1	416851	420945	0
CP049785.1	420945	421009	1
CP049785.1	421009	422211	0
CP049785.1	422211	422295	1
CP049785.1	422295	424276	0
CP049785.1	424276	424455	1
CP049785.1	424455	425916	0
CP049785.1	425916	426027	1
CP049785.1	426027	426098	0
CP049785.1	426098	426205	1
CP049785.1	426205	427352	0
CP049785.1	427352	427505	1
CP049785.1	427505	429252	0
CP049785.1	429252	429358	1
CP049785.1	429358	430115	0
CP049785.1	430115	430164	1
CP049785.1	430164	430178	2
CP049785.1	430178	430244	1
CP049785.1	430244	438270	0
CP049785.1	438270	438329	1
CP049785.1	438329	438854	0
CP049785.1	438854	439030	1
CP049785.1	439030	439902	0
CP049785.1	439902	440014	1
CP049785.1	440014	441862	0
CP049785.1	441862	441913	1
CP049785.1	441913	441957	2
CP049785.1	441957	442028	1
CP049785.1	442028	442030	0
CP049785.1	442030	442047	1
CP049785.1	442047	443529	0
CP049785.1	443529	443612	1
CP049785.1	443612	445885	0
CP049785.1	445885	445924	1
CP049785.1	445924	445925	0
CP049785.1	445925	445952	1
CP049785.1	445952	446781	0
CP049785.1	446781	446877	1
CP049785.1	446877	448617	0
CP049785.1	448617	448677	1
CP049785.1	448677	452927	0
CP049785.1	452927	452985	1
CP049785.1	452985	454227	0
CP049785.1	454227	454358	1
CP049785.1	454358	455071	0
CP049785.1	455071	455147	1
CP049785.1	455147	457595	0
CP049785.1	457595	457751	1
CP049785.1	457751	459210	0
CP049785.1	459210	459290	1
CP049785.1	459290	459918	0
CP049785.1	459918	459973	1
CP049785.1	459973	462769	0
CP049785.1	462769	462829	1
CP049785.1	462829	463301	0
CP049785.1	463301	463513	1
CP049785.1	463513	463517	0
CP049785.1	463517	463545	1
CP049785.1	463545	463724	0
CP049785.1	463724	463775	1
CP049785.1	463775	463871	2
CP049785.1	463871	463909	1
CP049785.1	463909	464013	0
CP049785.1	464013	464148	1
CP049785.1	464148	465741	0
CP049785.1	465741	465778	1
CP049785.1	465778	465783	0
CP049785.1	465783	465863	1
CP049785.1	465863	471221	0
CP049785.1	471221	471269	1
CP049785.1	471269	472229	0
CP049785.1	472229	472409	1
CP049785.1	472409	474211	0
CP049785.1	474211	474306	1
CP049785.1	474306	475298	0
CP049785.1	475298	475355	1
CP049785.1	475355	475357	0
CP049785.1	475357	475373	1
CP049785.1	475373	475432	0
CP049785.1	475432	475582	1
CP049785.1	475582	476581	0
CP049785.1	476581	476731	1
CP049785.1	476731	477345	0
CP049785.1	477345	477490	1
CP049785.1	477490	478383	0
CP049785.1	478383	478504	1
CP049785.1	478504	481499	0
CP049785.1	481499	481531	1
CP049785.1	481531	481561	2
CP049785.1	481561	481582	1
CP049785.1	481582	482371	0
CP049785.1	482371	482462	1
CP049785.1	482462	483534	0
CP049785.1	483534	483631	1
CP049785.1	483631	484963	0
CP049785.1	484963	485062	1
CP049785.1	485062	485063	0
CP049785.1	485063	485070	1
CP049785.1	485070	486899	0
CP049785.1	486899	486933	1
CP049785.1	486933	486936	0
CP049785.1	486936	487063	1
CP049785.1	487063	487350	0
CP049785.1	487350	487376	1
CP049785.1	487376	487377	0
CP049785.1	487377	487471	1
CP049785.1	487471	488003	0
CP049785.1	488003	488076	1
CP049785.1	488076	488297	0
CP049785.1	488297	488449	1
CP049785.1	488449	491801	0
CP049785.1	491801	491853	1
CP049785.1	491853	492203	0
CP049785.1	492203	492350	1
CP049785.1	492350	493045	0
CP049785.1	493045	493098	1
CP049785.1	493098	493609	0
CP049785.1	493609	493683	1
CP049785.1	493683	495914	0
CP049785.1	495914	495971	1
CP049785.1	495971	497415	0
CP049785.1	497415	497509	1
CP049785.1	497509	497776	0
CP049785.1	497776	497968	1
CP049785.1	497968	498062	0
CP049785.1	498062	498334	1
CP049785.1	498334	498366	2
CP049785.1	498366	498419	1
CP049785.1	498419	499161	0
CP049785.1	499161	499391	1
CP049785.1	499391	499392	0
CP049785.1	499392	499417	1
CP049785.1	499417	500513	0
CP049785.1	500513	500576	1
CP049785.1	500576	500607	0
CP049785.1	500607	500788	1
CP049785.1	500788	501392	0
CP049785.1	501392	501463	1
CP049785.1	501463	502933	0
CP049785.1	502933	502992	1
CP049785.1	502992	503135	0
CP049785.1	503135	503210	1
CP049785.1	503210	507871	0
CP049785.1	507871	507909	1
CP049785.1	507909	507911	0
CP049785.1	507911	507941	1
CP049785.1	507941	507986	0
CP049785.1	507986	508122	1
CP049785.1	508122	508900	0
CP049785.1	508900	508972	1
CP049785.1	508972	509035	0
CP049785.1	509035	509088	1
CP049785.1	509088	510845	0
CP049785.1	510845	510981	1
CP049785.1	510981	512419	0
CP049785.1	512419	512534	1
CP049785.1	512534	513203	0
CP049785.1	513203	513294	1
CP049785.1	513294	513297	0
CP049785.1	513297	513385	1
CP049785.1	513385	514677	0
CP049785.1	514677	514763	1
CP049785.1	514763	515301	0
CP049785.1	515301	515383	1
CP049785.1	515383	516220	0
CP049785.1	516220	516275	1
CP049785.1	516275	516877	0
CP049785.1	516877	516943	1
CP049785.1	516943	517269	0
CP049785.1	517269	517318	1
CP049785.1	517318	517319	0
CP049785.1	517319	517494	1
CP049785.1	517494	517638	0
CP049785.1	517638	517697	1
CP049785.1	517697	517700	0
CP049785.1	517700	517728	1
CP049785.1	517728	517975	0
CP049785.1	517975	518030	1
CP049785.1	518030	519521	0
CP049785.1	519521	519589	1
CP049785.1	519589	519603	0
CP049785.1	519603	520049	1
CP049785.1	520049	520097	0
CP049785.1	520097	520266	1
CP049785.1	520266	520422	0
CP049785.1	520422	520505	1
CP049785.1	520505	521045	0
CP049785.1	521045	521289	1
CP049785.1	521289	522957	0
CP049785.1	522957	523063	1
CP049785.1	523063	523286	0
CP049785.1	523286	523362	1
CP049785.1	523362	525126	0
CP049785.1	525126	525206	1
CP049785.1	525206	526596	0
CP049785.1	526596	526779	1
CP049785.1	526779	527763	0
CP049785.1	527763	527826	1
CP049785.1	527826	527949	0
CP049785.1	527949	528012	1
CP049785.1	528012	529157	0
CP049785.1	529157	529197	1
CP049785.1	529197	529200	0
CP049785.1	529200	529276	1
CP049785.1	529276	529277	0
CP049785.1	529277	529292	1
CP049785.1	529292	529744	0
CP049785.1	529744	529887	1
CP049785.1	529887	531785	0
CP049785.1	531785	531847	1
CP049785.1	531847	531848	0
CP049785.1	531848	531926	1
CP049785.1	531926	533283	0
CP049785.1	533283	533333	1
CP049785.1	533333	533936	0
CP049785.1	533936	534023	1
CP049785.1	534023	536076	0
CP049785.1	536076	536222	1
CP049785.1	536222	536890	0
CP049785.1	536890	536944	1
CP049785.1	536944	538686	0
CP049785.1	538686	538742	1
CP049785.1	538742	541338	0
CP049785.1	541338	541627	1
CP049785.1	541627	544187	0
CP049785.1	544187	544293	1
CP049785.1	544293	545703	0
CP049785.1	545703	545811	1
CP049785.1	545811	548116	0
CP049785.1	548116	548221	1
CP049785.1	548221	548353	0
CP049785.1	548353	548372	1
CP049785.1	548372	548429	2
CP049785.1	548429	548517	1
CP049785.1	548517	550105	0
CP049785.1	550105	550114	1
CP049785.1	550114	550212	2
CP049785.1	550212	550220	1
CP049785.1	550220	550445	0
CP049785.1	550445	550498	1
CP049785.1	550498	550826	0
CP049785.1	550826	550931	1
CP049785.1	550931	552101	0
CP049785.1	552101	552151	1
CP049785.1	552151	552155	0
CP049785.1	552155	552252	1
CP049785.1	552252	552473	0
CP049785.1	552473	552587	1
CP049785.1	552587	552592	0
CP049785.1	552592	552647	1
CP049785.1	552647	552835	0
CP049785.1	552835	552842	1
CP049785.1	552842	552891	2
CP049785.1	552891	552954	1
CP049785.1	552954	552957	0
CP049785.1	552957	553021	1
CP049785.1	553021	554293	0
CP049785.1	554293	554383	1
CP049785.1	554383	554908	0
CP049785.1	554908	554923	1
CP049785.1	554923	554966	2
CP049785.1	554966	555123	1
CP049785.1	555123	555173	0
CP049785.1	555173	555213	1
CP049785.1	555213	555214	0
CP049785.1	555214	555322	1
CP049785.1	555322	557639	0
CP049785.1	557639	557727	1
CP049785.1	557727	557811	0
CP049785.1	557811	557892	1
CP049785.1	557892	558265	0
CP049785.1	558265	558317	1
CP049785.1	558317	559154	0
CP049785.1	559154	559237	1
CP049785.1	559237	559496	0
CP049785.1	559496	559565	1
CP049785.1	559565	561135	0
CP049785.1	561135	561210	1
CP049785.1	561210	564267	0
CP049785.1	564267	564393	1
CP049785.1	564393	565249	0
CP049785.1	565249	565344	1
CP049785.1	565344	565671	0
CP049785.1	565671	565758	1
CP049785.1	565758	565942	0
CP049785.1	565942	566036	1
CP049785.1	566036	566451	0
CP049785.1	566451	566514	1
CP049785.1	566514	567793	0
CP049785.1	567793	567930	1
CP049785.1	567930	568738	0
CP049785.1	568738	568876	1
CP049785.1	568876	573404	0
CP049785.1	573404	573464	1
CP049785.1	573464	574192	0
CP049785.1	574192	574437	1
CP049785.1	574437	575290	0
CP049785.1	575290	575349	1
CP049785.1	575349	578526	0
CP049785.1	578526	578626	1
CP049785.1	578626	578721	0
CP049785.1	578721	578837	1
CP049785.1	578837	581212	0
CP049785.1	581212	581270	1
CP049785.1	581270	581280	0
CP049785.1	581280	581331	1
CP049785.1	581331	582927	0
CP049785.1	582927	583000	1
CP049785.1	583000	583944	0
CP049785.1	583944	584058	1
CP049785.1	584058	584059	0
CP049785.1	584059	584084	1
CP049785.1	584084	584085	0
CP049785.1	584085	584186	1
CP049785.1	584186	587038	0
CP049785.1	587038	587154	1
CP049785.1	587154	588269	0
CP049785.1	588269	588346	1
CP049785.1	588346	588378	0
CP049785.1	588378	588388	1
CP049785.1	588388	588390	0
CP049785.1	588390	588425	1
CP049785.1	588425	589161	0
CP049785.1	589161	589195	1
CP049785.1	589195	589196	0
CP049785.1	589196	589307	1
CP049785.1	589307	595616	0
CP049785.1	595616	595674	1
CP049785.1	595674	596706	0
CP049785.1	596706	596784	1
CP049785.1	596784	597362	0
CP049785.1	597362	597455	1
CP049785.1	597455	598425	0
CP049785.1	598425	598498	1
CP049785.1	598498	599603	0
CP049785.1	599603	599671	1
CP049785.1	599671	599852	0
CP049785.1	599852	599879	1
CP049785.1	599879	599880	0
CP049785.1	599880	600002	1
CP049785.1	600002	600406	0
CP049785.1	600406	600502	1
CP049785.1	600502	601204	0
CP049785.1	601204	601256	1
CP049785.1	601256	601292	2
CP049785.1	601292	601293	1
CP049785.1	601293	601325	2
CP049785.1	601325	601332	1
CP049785.1	601332	602486	0
CP049785.1	602486	602522	1
CP049785.1	602522	602523	0
CP049785.1	602523	602597	1
CP049785.1	602597	606475	0
CP049785.1	606475	606588	1
CP049785.1	606588	607696	0
CP049785.1	607696	607712	1
CP049785.1	607712	607719	0
CP049785.1	607719	607766	1
CP049785.1	607766	607786	0
CP049785.1	607786	607899	1
CP049785.1	607899	608782	0
CP049785.1	608782	608867	1
CP049785.1	608867	611019	0
CP049785.1	611019	611083	1
CP049785.1	611083	611084	0
CP049785.1	611084	611133	1
CP049785.1	611133	615631	0
CP049785.1	615631	615664	1
CP049785.1	615664	615690	2
CP049785.1	615690	615762	1
CP049785.1	615762	615845	0
CP049785.1	615845	615982	1
CP049785.1	615982	615985	0
CP049785.1	615985	616036	1
CP049785.1	616036	616047	0
CP049785.1	616047	616242	1
CP049785.1	616242	618617	0
CP049785.1	618617	618794	1
CP049785.1	618794	619031	0
CP049785.1	619031	619040	1
CP049785.1	619040	619041	0
CP049785.1	619041	619132	1
CP049785.1	619132	619988	0
CP049785.1	619988	620139	1
CP049785.1	620139	621031	0
CP049785.1	621031	621115	1
CP049785.1	621115	621116	0
CP049785.1	621116	621170	1
CP049785.1	621170	623008	0
