CP001429.2	0	655	0
CP001429.2	655	677	1
CP001429.2	677	678	0
CP001429.2	678	730	1
CP001429.2	730	763	0
CP001429.2	763	841	1
CP001429.2	841	1970	0
CP001429.2	1970	2021	1
CP001429.2	2021	2365	0
CP001429.2	2365	2444	1
CP001429.2	2444	5027	0
CP001429.2	5027	5273	1
CP001429.2	5273	5279	2
CP001429.2	5279	5420	1
CP001429.2	5420	5497	0
CP001429.2	5497	5558	1
CP001429.2	5558	5562	2
CP001429.2	5562	5563	1
CP001429.2	5563	5594	2
CP001429.2	5594	5650	1
CP001429.2	5650	6347	0
CP001429.2	6347	6516	1
CP001429.2	6516	7552	0
CP001429.2	7552	7675	1
CP001429.2	7675	7677	0
CP001429.2	7677	7692	1
CP001429.2	7692	9538	0
CP001429.2	9538	9568	1
CP001429.2	9568	9571	0
CP001429.2	9571	9607	1
CP001429.2	9607	10200	0
CP001429.2	10200	10266	1
CP001429.2	10266	10269	0
CP001429.2	10269	10288	1
CP001429.2	10288	11147	0
CP001429.2	11147	11197	1
CP001429.2	11197	12347	0
CP001429.2	12347	12412	1
CP001429.2	12412	13233	0
CP001429.2	13233	13330	1
CP001429.2	13330	13514	0
CP001429.2	13514	13580	1
CP001429.2	13580	14975	0
CP001429.2	14975	15147	1
CP001429.2	15147	16962	0
CP001429.2	16962	17056	1
CP001429.2	17056	17615	0
CP001429.2	17615	17675	1
CP001429.2	17675	17728	2
CP001429.2	17728	17852	1
CP001429.2	17852	19002	0
CP001429.2	19002	19175	1
CP001429.2	19175	19597	0
CP001429.2	19597	19703	1
CP001429.2	19703	20149	0
CP001429.2	20149	20252	1
CP001429.2	20252	20708	0
CP001429.2	20708	20770	1
CP001429.2	20770	23650	0
CP001429.2	23650	23721	1
CP001429.2	23721	23723	0
CP001429.2	23723	23734	1
CP001429.2	23734	24482	0
CP001429.2	24482	24525	1
CP001429.2	24525	24526	0
CP001429.2	24526	24562	1
CP001429.2	24562	24564	0
CP001429.2	24564	24592	1
CP001429.2	24592	24726	0
CP001429.2	24726	24911	1
CP001429.2	24911	25061	0
CP001429.2	25061	25154	1
CP001429.2	25154	25349	0
CP001429.2	25349	25394	1
CP001429.2	25394	25395	0
CP001429.2	25395	25509	1
CP001429.2	25509	25511	0
CP001429.2	25511	25592	1
CP001429.2	25592	25593	0
CP001429.2	25593	25859	1
CP001429.2	25859	25863	0
CP001429.2	25863	25872	1
CP001429.2	25872	25950	2
CP001429.2	25950	26035	1
CP001429.2	26035	26447	0
CP001429.2	26447	26497	1
CP001429.2	26497	26499	0
CP001429.2	26499	26521	1
CP001429.2	26521	26601	0
CP001429.2	26601	26678	1
CP001429.2	26678	26903	0
CP001429.2	26903	26995	1
CP001429.2	26995	28582	0
CP001429.2	28582	28701	1
CP001429.2	28701	30621	0
CP001429.2	30621	30715	1
CP001429.2	30715	31316	0
CP001429.2	31316	31426	1
CP001429.2	31426	31627	0
CP001429.2	31627	31725	1
CP001429.2	31725	33171	0
CP001429.2	33171	33240	1
CP001429.2	33240	33241	0
CP001429.2	33241	33279	1
CP001429.2	33279	33282	0
CP001429.2	33282	33335	1
CP001429.2	33335	34104	0
CP001429.2	34104	34261	1
CP001429.2	34261	36163	0
CP001429.2	36163	36231	1
CP001429.2	36231	36688	0
CP001429.2	36688	36830	1
CP001429.2	36830	36867	0
CP001429.2	36867	36918	1
CP001429.2	36918	36935	2
CP001429.2	36935	36989	1
CP001429.2	36989	37250	0
CP001429.2	37250	37295	1
CP001429.2	37295	37298	0
CP001429.2	37298	37309	1
CP001429.2	37309	37925	0
CP001429.2	37925	37980	1
CP001429.2	37980	38481	0
CP001429.2	38481	38533	1
CP001429.2	38533	40012	0
CP001429.2	40012	40077	1
CP001429.2	40077	42837	0
CP001429.2	42837	42920	1
CP001429.2	42920	43021	0
CP001429.2	43021	43077	1
CP001429.2	43077	43079	0
CP001429.2	43079	43095	1
CP001429.2	43095	43187	0
CP001429.2	43187	43243	1
CP001429.2	43243	43705	0
CP001429.2	43705	43764	1
CP001429.2	43764	43984	0
CP001429.2	43984	44046	1
CP001429.2	44046	44050	0
CP001429.2	44050	44191	1
CP001429.2	44191	44363	0
CP001429.2	44363	44453	1
CP001429.2	44453	44526	0
CP001429.2	44526	44560	1
CP001429.2	44560	44561	0
CP001429.2	44561	44601	1
CP001429.2	44601	44875	0
CP001429.2	44875	44897	1
CP001429.2	44897	44899	0
CP001429.2	44899	44934	1
CP001429.2	44934	44935	0
CP001429.2	44935	45099	1
CP001429.2	45099	45955	0
CP001429.2	45955	46051	1
CP001429.2	46051	47236	0
CP001429.2	47236	47288	1
CP001429.2	47288	47445	0
CP001429.2	47445	47507	1
CP001429.2	47507	47508	0
CP001429.2	47508	47537	1
CP001429.2	47537	47855	0
CP001429.2	47855	47905	1
CP001429.2	47905	47912	0
CP001429.2	47912	47926	1
CP001429.2	47926	47928	0
CP001429.2	47928	47957	1
CP001429.2	47957	48183	0
CP001429.2	48183	48228	1
CP001429.2	48228	48375	0
CP001429.2	48375	48497	1
CP001429.2	48497	48960	0
CP001429.2	48960	49045	1
CP001429.2	49045	49046	0
CP001429.2	49046	49086	1
CP001429.2	49086	49255	0
CP001429.2	49255	49279	1
CP001429.2	49279	49280	0
CP001429.2	49280	49323	1
CP001429.2	49323	50024	0
CP001429.2	50024	50074	1
CP001429.2	50074	50139	2
CP001429.2	50139	50200	1
CP001429.2	50200	50838	0
CP001429.2	50838	50864	1
CP001429.2	50864	50865	0
CP001429.2	50865	50922	1
CP001429.2	50922	50923	0
CP001429.2	50923	50981	1
CP001429.2	50981	51327	0
CP001429.2	51327	51469	1
CP001429.2	51469	51481	0
CP001429.2	51481	51501	1
CP001429.2	51501	51502	0
CP001429.2	51502	51518	1
CP001429.2	51518	51519	0
CP001429.2	51519	51538	1
CP001429.2	51538	51539	0
CP001429.2	51539	51591	1
CP001429.2	51591	51831	0
CP001429.2	51831	51885	1
CP001429.2	51885	53597	0
CP001429.2	53597	53665	1
CP001429.2	53665	53985	0
CP001429.2	53985	54048	1
CP001429.2	54048	54151	0
CP001429.2	54151	54269	1
CP001429.2	54269	56273	0
CP001429.2	56273	56336	1
CP001429.2	56336	56385	0
CP001429.2	56385	56502	1
CP001429.2	56502	57874	0
CP001429.2	57874	58000	1
CP001429.2	58000	61092	0
CP001429.2	61092	61152	1
CP001429.2	61152	61155	0
CP001429.2	61155	61218	1
CP001429.2	61218	62447	0
CP001429.2	62447	62494	1
CP001429.2	62494	62778	0
CP001429.2	62778	62832	1
CP001429.2	62832	65195	0
CP001429.2	65195	65210	1
CP001429.2	65210	65211	0
CP001429.2	65211	65303	1
CP001429.2	65303	65991	0
CP001429.2	65991	66076	1
CP001429.2	66076	66887	0
CP001429.2	66887	66949	1
CP001429.2	66949	66975	2
CP001429.2	66975	67072	1
CP001429.2	67072	68155	0
CP001429.2	68155	68216	1
CP001429.2	68216	70017	0
CP001429.2	70017	70106	1
CP001429.2	70106	70500	0
CP001429.2	70500	70565	1
CP001429.2	70565	70998	0
CP001429.2	70998	71083	1
CP001429.2	71083	71098	0
CP001429.2	71098	71298	1
CP001429.2	71298	72329	0
CP001429.2	72329	72422	1
CP001429.2	72422	72895	0
CP001429.2	72895	73016	1
CP001429.2	73016	73017	0
CP001429.2	73017	73131	1
CP001429.2	73131	73144	2
CP001429.2	73144	73146	1
CP001429.2	73146	73169	2
CP001429.2	73169	73237	1
CP001429.2	73237	73296	0
CP001429.2	73296	73338	1
CP001429.2	73338	73339	0
CP001429.2	73339	73420	1
CP001429.2	73420	74940	0
CP001429.2	74940	75041	1
CP001429.2	75041	76908	0
CP001429.2	76908	76959	1
CP001429.2	76959	77386	0
CP001429.2	77386	77458	1
CP001429.2	77458	77912	0
CP001429.2	77912	77979	1
CP001429.2	77979	78263	0
CP001429.2	78263	78272	1
CP001429.2	78272	78273	0
CP001429.2	78273	78332	1
CP001429.2	78332	79116	0
CP001429.2	79116	79232	1
CP001429.2	79232	79694	0
CP001429.2	79694	79824	1
CP001429.2	79824	80062	0
CP001429.2	80062	80149	1
CP001429.2	80149	80150	0
CP001429.2	80150	80223	1
CP001429.2	80223	80741	0
CP001429.2	80741	80775	1
CP001429.2	80775	80776	0
CP001429.2	80776	80813	1
CP001429.2	80813	81220	0
CP001429.2	81220	81278	1
CP001429.2	81278	81316	0
CP001429.2	81316	81525	1
CP001429.2	81525	81575	0
CP001429.2	81575	81629	1
CP001429.2	81629	81647	0
CP001429.2	81647	81868	1
CP001429.2	81868	82229	0
CP001429.2	82229	82243	1
CP001429.2	82243	82245	0
CP001429.2	82245	82325	1
CP001429.2	82325	82650	0
CP001429.2	82650	82654	1
CP001429.2	82654	82655	0
CP001429.2	82655	82732	1
CP001429.2	82732	83021	0
CP001429.2	83021	83138	1
CP001429.2	83138	83582	0
CP001429.2	83582	83616	1
CP001429.2	83616	83621	0
CP001429.2	83621	83632	1
CP001429.2	83632	83633	0
CP001429.2	83633	83643	1
CP001429.2	83643	83817	0
CP001429.2	83817	83851	1
CP001429.2	83851	83852	0
CP001429.2	83852	83889	1
CP001429.2	83889	84197	0
CP001429.2	84197	84246	1
CP001429.2	84246	84446	0
CP001429.2	84446	84460	1
CP001429.2	84460	84461	0
CP001429.2	84461	84514	1
CP001429.2	84514	84515	0
CP001429.2	84515	84571	1
CP001429.2	84571	84654	0
CP001429.2	84654	84704	1
CP001429.2	84704	84705	0
CP001429.2	84705	84737	1
CP001429.2	84737	84976	0
CP001429.2	84976	85119	1
CP001429.2	85119	85126	0
CP001429.2	85126	85215	1
CP001429.2	85215	86859	0
CP001429.2	86859	86899	1
CP001429.2	86899	88213	0
CP001429.2	88213	88292	1
CP001429.2	88292	88426	0
CP001429.2	88426	88460	1
CP001429.2	88460	88525	2
CP001429.2	88525	88526	0
CP001429.2	88526	88564	2
CP001429.2	88564	88566	0
CP001429.2	88566	88612	2
CP001429.2	88612	89285	0
CP001429.2	89285	89339	1
CP001429.2	89339	89340	0
CP001429.2	89340	89350	1
CP001429.2	89350	91509	0
CP001429.2	91509	91557	1
CP001429.2	91557	91564	0
CP001429.2	91564	91699	1
CP001429.2	91699	91896	0
CP001429.2	91896	91934	1
CP001429.2	91934	92388	0
CP001429.2	92388	92452	1
CP001429.2	92452	92683	0
CP001429.2	92683	92761	1
CP001429.2	92761	92786	0
CP001429.2	92786	92847	1
CP001429.2	92847	93949	0
CP001429.2	93949	93982	1
CP001429.2	93982	93983	0
CP001429.2	93983	94017	1
CP001429.2	94017	94792	0
CP001429.2	94792	94986	1
CP001429.2	94986	96791	0
CP001429.2	96791	96846	1
CP001429.2	96846	97031	0
CP001429.2	97031	97167	1
CP001429.2	97167	98942	0
CP001429.2	98942	99003	1
CP001429.2	99003	99082	0
CP001429.2	99082	99139	1
CP001429.2	99139	99571	0
CP001429.2	99571	99714	1
CP001429.2	99714	99895	0
CP001429.2	99895	99932	1
CP001429.2	99932	99933	0
CP001429.2	99933	100053	1
CP001429.2	100053	100057	0
CP001429.2	100057	100093	1
CP001429.2	100093	100114	0
CP001429.2	100114	100153	1
CP001429.2	100153	100154	0
CP001429.2	100154	100221	1
CP001429.2	100221	100238	0
CP001429.2	100238	100285	1
CP001429.2	100285	100716	0
CP001429.2	100716	100798	1
CP001429.2	100798	103662	0
CP001429.2	103662	103684	1
CP001429.2	103684	103685	0
CP001429.2	103685	103695	1
CP001429.2	103695	103697	0
CP001429.2	103697	103743	1
CP001429.2	103743	103925	0
CP001429.2	103925	103980	1
CP001429.2	103980	104943	0
CP001429.2	104943	104979	1
CP001429.2	104979	105647	0
CP001429.2	105647	105735	1
CP001429.2	105735	105906	0
CP001429.2	105906	106024	1
CP001429.2	106024	106025	0
CP001429.2	106025	106079	1
CP001429.2	106079	108075	0
CP001429.2	108075	108233	1
CP001429.2	108233	108656	0
CP001429.2	108656	108779	1
CP001429.2	108779	111084	0
CP001429.2	111084	111165	1
CP001429.2	111165	111265	0
CP001429.2	111265	111319	1
CP001429.2	111319	111321	0
CP001429.2	111321	111350	1
CP001429.2	111350	111893	0
CP001429.2	111893	111959	1
CP001429.2	111959	112473	0
CP001429.2	112473	112543	1
CP001429.2	112543	112546	0
CP001429.2	112546	112791	1
CP001429.2	112791	113634	0
CP001429.2	113634	113742	2
CP001429.2	113742	114206	0
CP001429.2	114206	114246	1
CP001429.2	114246	115210	0
CP001429.2	115210	115285	1
CP001429.2	115285	116754	0
CP001429.2	116754	116770	1
CP001429.2	116770	116772	0
CP001429.2	116772	116833	1
CP001429.2	116833	118223	0
CP001429.2	118223	118280	1
CP001429.2	118280	118368	0
CP001429.2	118368	118435	1
CP001429.2	118435	118781	0
CP001429.2	118781	118809	1
CP001429.2	118809	118810	0
CP001429.2	118810	118851	1
CP001429.2	118851	119408	0
CP001429.2	119408	119486	1
CP001429.2	119486	119554	2
CP001429.2	119554	119562	1
CP001429.2	119562	119563	0
CP001429.2	119563	119664	1
CP001429.2	119664	119766	0
CP001429.2	119766	119836	1
CP001429.2	119836	119837	0
CP001429.2	119837	119883	1
CP001429.2	119883	120722	0
CP001429.2	120722	120776	1
CP001429.2	120776	121130	0
CP001429.2	121130	121209	1
CP001429.2	121209	122933	0
CP001429.2	122933	122954	1
CP001429.2	122954	122997	2
CP001429.2	122997	123033	1
CP001429.2	123033	123041	0
CP001429.2	123041	123147	1
CP001429.2	123147	124033	0
CP001429.2	124033	124132	1
CP001429.2	124132	124691	0
CP001429.2	124691	124795	1
CP001429.2	124795	127191	0
CP001429.2	127191	127251	1
CP001429.2	127251	127286	0
CP001429.2	127286	127480	1
CP001429.2	127480	128787	0
CP001429.2	128787	128843	1
CP001429.2	128843	128916	0
CP001429.2	128916	128956	1
CP001429.2	128956	128957	0
CP001429.2	128957	128976	1
CP001429.2	128976	130280	0
CP001429.2	130280	130330	1
CP001429.2	130330	131876	0
CP001429.2	131876	131994	1
CP001429.2	131994	132838	0
CP001429.2	132838	132902	1
CP001429.2	132902	134222	0
CP001429.2	134222	134385	1
CP001429.2	134385	134482	0
CP001429.2	134482	134589	1
CP001429.2	134589	135206	0
CP001429.2	135206	135292	1
CP001429.2	135292	137375	0
CP001429.2	137375	137467	1
CP001429.2	137467	140223	0
CP001429.2	140223	140238	1
CP001429.2	140238	140242	0
CP001429.2	140242	140309	1
CP001429.2	140309	140609	0
CP001429.2	140609	140690	1
CP001429.2	140690	141788	0
CP001429.2	141788	141944	1
CP001429.2	141944	141946	0
CP001429.2	141946	141997	1
CP001429.2	141997	143196	0
CP001429.2	143196	143217	1
CP001429.2	143217	143218	0
CP001429.2	143218	143248	1
CP001429.2	143248	143268	2
CP001429.2	143268	143272	1
CP001429.2	143272	143273	0
CP001429.2	143273	143312	1
CP001429.2	143312	144070	0
CP001429.2	144070	144132	1
CP001429.2	144132	144672	0
CP001429.2	144672	145133	1
CP001429.2	145133	145135	0
CP001429.2	145135	145177	1
CP001429.2	145177	145179	0
CP001429.2	145179	145206	1
CP001429.2	145206	146412	0
CP001429.2	146412	146451	1
CP001429.2	146451	147003	0
CP001429.2	147003	147058	1
CP001429.2	147058	148415	0
CP001429.2	148415	148462	1
CP001429.2	148462	148465	0
CP001429.2	148465	148495	1
CP001429.2	148495	149664	0
CP001429.2	149664	149749	1
CP001429.2	149749	150422	0
CP001429.2	150422	150526	1
CP001429.2	150526	150527	0
CP001429.2	150527	150569	1
CP001429.2	150569	151712	0
CP001429.2	151712	151755	1
CP001429.2	151755	151757	0
CP001429.2	151757	151781	1
CP001429.2	151781	151891	0
CP001429.2	151891	151979	1
CP001429.2	151979	152767	0
CP001429.2	152767	152830	1
CP001429.2	152830	152960	0
CP001429.2	152960	153058	1
CP001429.2	153058	153316	0
CP001429.2	153316	153378	1
CP001429.2	153378	153380	0
CP001429.2	153380	153419	1
CP001429.2	153419	153423	0
CP001429.2	153423	153465	1
CP001429.2	153465	153591	0
CP001429.2	153591	153686	1
CP001429.2	153686	154737	0
CP001429.2	154737	154795	1
CP001429.2	154795	154796	0
CP001429.2	154796	154812	1
CP001429.2	154812	155204	0
CP001429.2	155204	155211	1
CP001429.2	155211	155392	2
CP001429.2	155392	155482	1
CP001429.2	155482	157504	0
CP001429.2	157504	157535	1
CP001429.2	157535	157706	0
CP001429.2	157706	157768	1
CP001429.2	157768	157770	0
CP001429.2	157770	157856	1
CP001429.2	157856	158833	0
CP001429.2	158833	158907	1
CP001429.2	158907	159605	0
CP001429.2	159605	159660	1
CP001429.2	159660	159899	0
CP001429.2	159899	159959	1
CP001429.2	159959	160996	0
CP001429.2	160996	160999	1
CP001429.2	160999	161000	0
CP001429.2	161000	161066	1
CP001429.2	161066	163548	0
CP001429.2	163548	163613	1
CP001429.2	163613	163692	0
CP001429.2	163692	163737	1
CP001429.2	163737	164126	0
CP001429.2	164126	164176	1
CP001429.2	164176	165959	0
CP001429.2	165959	166009	1
CP001429.2	166009	166233	0
CP001429.2	166233	166391	1
CP001429.2	166391	167370	0
CP001429.2	167370	167812	1
CP001429.2	167812	168464	0
CP001429.2	168464	168505	1
CP001429.2	168505	168506	0
CP001429.2	168506	168560	1
CP001429.2	168560	168561	0
CP001429.2	168561	168590	1
CP001429.2	168590	169041	0
CP001429.2	169041	169104	1
CP001429.2	169104	169858	0
CP001429.2	169858	170026	1
CP001429.2	170026	170583	0
CP001429.2	170583	170783	1
CP001429.2	170783	170784	0
CP001429.2	170784	170802	1
CP001429.2	170802	170903	0
CP001429.2	170903	170967	1
CP001429.2	170967	173026	0
CP001429.2	173026	173069	1
CP001429.2	173069	173071	0
CP001429.2	173071	173151	1
CP001429.2	173151	174094	0
CP001429.2	174094	174156	1
CP001429.2	174156	174332	0
CP001429.2	174332	174450	1
CP001429.2	174450	175368	0
CP001429.2	175368	175441	1
CP001429.2	175441	177984	0
CP001429.2	177984	177996	1
CP001429.2	177996	178027	2
CP001429.2	178027	178028	1
CP001429.2	178028	178045	2
CP001429.2	178045	178054	0
CP001429.2	178054	178175	1
CP001429.2	178175	179599	0
CP001429.2	179599	179635	1
CP001429.2	179635	179641	0
CP001429.2	179641	179653	1
CP001429.2	179653	179666	2
CP001429.2	179666	179786	1
CP001429.2	179786	179790	0
CP001429.2	179790	179814	1
CP001429.2	179814	183693	0
CP001429.2	183693	183712	1
CP001429.2	183712	183713	0
CP001429.2	183713	183787	1
CP001429.2	183787	183962	0
CP001429.2	183962	184210	1
CP001429.2	184210	185390	0
CP001429.2	185390	185477	1
CP001429.2	185477	185478	0
CP001429.2	185478	185510	1
CP001429.2	185510	185550	0
CP001429.2	185550	185567	1
CP001429.2	185567	185570	0
CP001429.2	185570	185629	1
CP001429.2	185629	185633	0
CP001429.2	185633	185709	1
CP001429.2	185709	187836	0
CP001429.2	187836	187901	1
CP001429.2	187901	188535	0
CP001429.2	188535	188611	1
CP001429.2	188611	188695	0
CP001429.2	188695	188777	1
CP001429.2	188777	188806	0
CP001429.2	188806	188865	1
CP001429.2	188865	189536	0
CP001429.2	189536	189608	1
CP001429.2	189608	189846	0
CP001429.2	189846	189999	1
CP001429.2	189999	190052	2
CP001429.2	190052	190067	1
CP001429.2	190067	190170	0
CP001429.2	190170	190174	1
CP001429.2	190174	190235	2
CP001429.2	190235	190258	1
CP001429.2	190258	190983	0
CP001429.2	190983	191048	1
CP001429.2	191048	191093	0
CP001429.2	191093	191142	1
CP001429.2	191142	191447	0
CP001429.2	191447	191581	1
CP001429.2	191581	192032	0
CP001429.2	192032	192100	1
CP001429.2	192100	195233	0
CP001429.2	195233	195294	1
CP001429.2	195294	195299	0
CP001429.2	195299	195398	1
CP001429.2	195398	195401	0
CP001429.2	195401	195412	1
CP001429.2	195412	195632	0
CP001429.2	195632	195678	1
CP001429.2	195678	195680	0
CP001429.2	195680	195696	1
CP001429.2	195696	197008	0
CP001429.2	197008	197090	1
CP001429.2	197090	199582	0
CP001429.2	199582	199658	1
CP001429.2	199658	201262	0
CP001429.2	201262	201310	1
CP001429.2	201310	201978	0
CP001429.2	201978	202031	1
CP001429.2	202031	203280	0
CP001429.2	203280	203463	1
CP001429.2	203463	203550	2
CP001429.2	203550	203588	1
CP001429.2	203588	204499	0
CP001429.2	204499	204560	1
CP001429.2	204560	204582	0
CP001429.2	204582	204604	1
CP001429.2	204604	204608	0
CP001429.2	204608	204707	1
CP001429.2	204707	205336	0
CP001429.2	205336	205471	1
CP001429.2	205471	206098	0
CP001429.2	206098	206191	1
CP001429.2	206191	206489	0
CP001429.2	206489	206593	1
CP001429.2	206593	206838	0
CP001429.2	206838	206906	1
CP001429.2	206906	208090	0
CP001429.2	208090	208238	1
CP001429.2	208238	208376	0
CP001429.2	208376	208441	1
CP001429.2	208441	208442	0
CP001429.2	208442	208456	1
CP001429.2	208456	209466	0
CP001429.2	209466	209527	1
CP001429.2	209527	211441	0
CP001429.2	211441	211584	1
CP001429.2	211584	212591	0
CP001429.2	212591	212623	1
CP001429.2	212623	212624	0
CP001429.2	212624	212700	1
CP001429.2	212700	212749	2
CP001429.2	212749	212769	1
CP001429.2	212769	213109	0
CP001429.2	213109	213226	1
CP001429.2	213226	213622	0
CP001429.2	213622	213649	1
CP001429.2	213649	213676	2
CP001429.2	213676	213785	1
CP001429.2	213785	214264	0
CP001429.2	214264	214327	1
CP001429.2	214327	214352	0
CP001429.2	214352	214436	1
CP001429.2	214436	216962	0
CP001429.2	216962	217028	1
CP001429.2	217028	217151	0
CP001429.2	217151	217187	1
CP001429.2	217187	218426	0
CP001429.2	218426	218539	1
CP001429.2	218539	221995	0
CP001429.2	221995	222024	1
CP001429.2	222024	222025	0
CP001429.2	222025	222092	1
CP001429.2	222092	223418	0
CP001429.2	223418	223481	1
CP001429.2	223481	223691	0
CP001429.2	223691	223800	1
CP001429.2	223800	223990	0
CP001429.2	223990	224040	1
CP001429.2	224040	224881	0
CP001429.2	224881	225035	1
CP001429.2	225035	225036	0
CP001429.2	225036	225195	1
CP001429.2	225195	225715	0
CP001429.2	225715	225751	1
CP001429.2	225751	225752	0
CP001429.2	225752	226010	1
CP001429.2	226010	227712	0
CP001429.2	227712	227797	1
CP001429.2	227797	228951	0
CP001429.2	228951	229047	1
CP001429.2	229047	229294	0
CP001429.2	229294	229374	1
CP001429.2	229374	229423	0
CP001429.2	229423	229508	1
CP001429.2	229508	229544	0
CP001429.2	229544	229642	1
CP001429.2	229642	229645	0
CP001429.2	229645	229660	1
CP001429.2	229660	230931	0
CP001429.2	230931	230971	1
CP001429.2	230971	231341	0
CP001429.2	231341	231473	1
CP001429.2	231473	231806	0
CP001429.2	231806	231867	1
CP001429.2	231867	233963	0
CP001429.2	233963	234020	1
CP001429.2	234020	235807	0
CP001429.2	235807	235885	1
CP001429.2	235885	235889	0
CP001429.2	235889	235976	1
CP001429.2	235976	236147	0
CP001429.2	236147	236210	1
CP001429.2	236210	237755	0
CP001429.2	237755	237810	1
CP001429.2	237810	237887	0
CP001429.2	237887	237966	1
CP001429.2	237966	238049	0
CP001429.2	238049	238120	1
CP001429.2	238120	239616	0
CP001429.2	239616	239692	1
CP001429.2	239692	240024	0
CP001429.2	240024	240200	1
CP001429.2	240200	242415	0
CP001429.2	242415	242487	1
CP001429.2	242487	243764	0
CP001429.2	243764	243802	1
CP001429.2	243802	243809	0
CP001429.2	243809	243837	1
CP001429.2	243837	243844	0
CP001429.2	243844	243920	1
CP001429.2	243920	245239	0
CP001429.2	245239	245247	1
CP001429.2	245247	245248	0
CP001429.2	245248	245386	1
CP001429.2	245386	246606	0
CP001429.2	246606	246667	1
CP001429.2	246667	246671	2
CP001429.2	246671	246731	1
CP001429.2	246731	246991	0
CP001429.2	246991	247143	1
CP001429.2	247143	249180	0
CP001429.2	249180	249233	1
CP001429.2	249233	250014	0
CP001429.2	250014	250069	1
CP001429.2	250069	250076	0
CP001429.2	250076	250090	1
CP001429.2	250090	250091	0
CP001429.2	250091	250130	1
CP001429.2	250130	250134	0
CP001429.2	250134	250168	1
CP001429.2	250168	250169	0
CP001429.2	250169	250180	1
CP001429.2	250180	250188	0
CP001429.2	250188	250237	1
CP001429.2	250237	250239	0
CP001429.2	250239	250259	1
CP001429.2	250259	251477	0
CP001429.2	251477	251649	1
CP001429.2	251649	251989	0
CP001429.2	251989	252131	1
CP001429.2	252131	252188	0
CP001429.2	252188	252243	1
CP001429.2	252243	252515	0
CP001429.2	252515	252572	1
CP001429.2	252572	252712	0
CP001429.2	252712	252809	1
CP001429.2	252809	254289	0
CP001429.2	254289	254339	1
CP001429.2	254339	255587	0
CP001429.2	255587	255655	1
CP001429.2	255655	255656	0
CP001429.2	255656	255708	1
CP001429.2	255708	256126	0
CP001429.2	256126	256229	1
CP001429.2	256229	257765	0
CP001429.2	257765	257804	1
CP001429.2	257804	257807	0
CP001429.2	257807	257821	1
CP001429.2	257821	258204	0
CP001429.2	258204	258267	1
CP001429.2	258267	259237	0
CP001429.2	259237	259292	1
CP001429.2	259292	260043	0
CP001429.2	260043	260113	1
CP001429.2	260113	260321	0
CP001429.2	260321	260391	1
CP001429.2	260391	260629	0
CP001429.2	260629	260755	1
CP001429.2	260755	261445	0
CP001429.2	261445	261537	1
CP001429.2	261537	261985	0
CP001429.2	261985	262041	1
CP001429.2	262041	262911	0
CP001429.2	262911	262983	1
CP001429.2	262983	262984	0
CP001429.2	262984	263119	1
CP001429.2	263119	263120	2
CP001429.2	263120	263187	1
CP001429.2	263187	263358	0
CP001429.2	263358	263412	1
CP001429.2	263412	264622	0
CP001429.2	264622	264682	1
CP001429.2	264682	265314	0
CP001429.2	265314	265354	1
CP001429.2	265354	265359	0
CP001429.2	265359	265413	1
CP001429.2	265413	265581	0
CP001429.2	265581	265727	1
CP001429.2	265727	266326	0
CP001429.2	266326	266361	1
CP001429.2	266361	267838	0
CP001429.2	267838	268019	1
CP001429.2	268019	268468	0
CP001429.2	268468	268527	1
CP001429.2	268527	269156	0
CP001429.2	269156	269226	1
CP001429.2	269226	269728	0
CP001429.2	269728	269826	1
CP001429.2	269826	270588	0
CP001429.2	270588	270763	1
CP001429.2	270763	270764	0
CP001429.2	270764	270819	1
CP001429.2	270819	270820	0
CP001429.2	270820	270854	1
CP001429.2	270854	271659	0
CP001429.2	271659	271667	1
CP001429.2	271667	271668	0
CP001429.2	271668	271744	1
CP001429.2	271744	272270	0
CP001429.2	272270	272406	1
CP001429.2	272406	272715	0
CP001429.2	272715	272731	1
CP001429.2	272731	272732	0
CP001429.2	272732	272796	1
CP001429.2	272796	275700	0
CP001429.2	275700	275742	1
CP001429.2	275742	276683	0
CP001429.2	276683	276867	1
CP001429.2	276867	276972	0
CP001429.2	276972	277037	1
CP001429.2	277037	277888	0
CP001429.2	277888	277997	1
CP001429.2	277997	278067	0
CP001429.2	278067	278154	1
CP001429.2	278154	278158	0
CP001429.2	278158	278169	1
CP001429.2	278169	278170	0
CP001429.2	278170	278321	1
CP001429.2	278321	278365	2
CP001429.2	278365	278406	1
CP001429.2	278406	278602	0
CP001429.2	278602	278752	1
CP001429.2	278752	280120	0
CP001429.2	280120	280178	1
CP001429.2	280178	280343	0
CP001429.2	280343	280420	1
CP001429.2	280420	280421	0
CP001429.2	280421	280610	1
CP001429.2	280610	280670	2
CP001429.2	280670	280703	1
CP001429.2	280703	280704	0
CP001429.2	280704	280721	1
CP001429.2	280721	282179	0
CP001429.2	282179	282261	1
CP001429.2	282261	282278	0
CP001429.2	282278	282449	1
CP001429.2	282449	283998	0
CP001429.2	283998	284076	1
CP001429.2	284076	284248	0
CP001429.2	284248	284291	1
CP001429.2	284291	284864	0
CP001429.2	284864	285119	1
CP001429.2	285119	287774	0
CP001429.2	287774	287789	1
CP001429.2	287789	287790	0
CP001429.2	287790	287830	1
CP001429.2	287830	288062	0
CP001429.2	288062	288112	1
CP001429.2	288112	289161	0
CP001429.2	289161	289220	1
CP001429.2	289220	289316	0
CP001429.2	289316	289377	1
CP001429.2	289377	290456	0
CP001429.2	290456	290527	1
CP001429.2	290527	290542	0
CP001429.2	290542	290605	1
CP001429.2	290605	290625	0
CP001429.2	290625	290696	1
CP001429.2	290696	291495	0
CP001429.2	291495	291547	1
CP001429.2	291547	291624	0
CP001429.2	291624	291631	1
CP001429.2	291631	291697	2
CP001429.2	291697	291778	1
CP001429.2	291778	292244	0
CP001429.2	292244	292309	1
CP001429.2	292309	292854	0
CP001429.2	292854	292911	1
CP001429.2	292911	293945	0
CP001429.2	293945	294000	1
CP001429.2	294000	294073	0
CP001429.2	294073	294162	1
CP001429.2	294162	294325	0
CP001429.2	294325	294434	1
CP001429.2	294434	294779	0
CP001429.2	294779	294812	1
CP001429.2	294812	295159	0
CP001429.2	295159	295189	1
CP001429.2	295189	295190	0
CP001429.2	295190	295252	1
CP001429.2	295252	295507	0
CP001429.2	295507	295575	1
CP001429.2	295575	296699	0
CP001429.2	296699	296723	1
CP001429.2	296723	296724	0
CP001429.2	296724	296763	1
CP001429.2	296763	297109	0
CP001429.2	297109	297169	1
CP001429.2	297169	300889	0
CP001429.2	300889	301029	2
CP001429.2	301029	301030	1
CP001429.2	301030	301067	2
CP001429.2	301067	301268	0
CP001429.2	301268	301332	1
CP001429.2	301332	301644	0
CP001429.2	301644	301741	1
CP001429.2	301741	301880	0
CP001429.2	301880	301946	1
CP001429.2	301946	302010	0
CP001429.2	302010	302063	1
CP001429.2	302063	302710	0
CP001429.2	302710	302884	1
CP001429.2	302884	304078	0
CP001429.2	304078	304200	1
CP001429.2	304200	304240	2
CP001429.2	304240	304262	1
CP001429.2	304262	304718	0
CP001429.2	304718	304778	1
CP001429.2	304778	304948	0
CP001429.2	304948	305084	1
CP001429.2	305084	305197	0
CP001429.2	305197	305264	1
CP001429.2	305264	308545	0
CP001429.2	308545	308673	1
CP001429.2	308673	309326	0
CP001429.2	309326	309469	1
CP001429.2	309469	309506	2
CP001429.2	309506	309614	1
CP001429.2	309614	312562	0
CP001429.2	312562	312590	1
CP001429.2	312590	312591	0
CP001429.2	312591	312618	1
CP001429.2	312618	312940	0
CP001429.2	312940	313024	1
CP001429.2	313024	314457	0
CP001429.2	314457	314528	1
CP001429.2	314528	315575	0
CP001429.2	315575	315668	1
CP001429.2	315668	315818	0
CP001429.2	315818	315896	1
CP001429.2	315896	316400	0
CP001429.2	316400	316449	1
CP001429.2	316449	316450	0
CP001429.2	316450	316460	1
CP001429.2	316460	316859	0
CP001429.2	316859	316950	1
CP001429.2	316950	318550	0
CP001429.2	318550	318594	1
CP001429.2	318594	318595	0
CP001429.2	318595	318662	2
CP001429.2	318662	318671	1
CP001429.2	318671	319369	0
CP001429.2	319369	319414	1
CP001429.2	319414	319415	0
CP001429.2	319415	319428	1
CP001429.2	319428	319429	0
CP001429.2	319429	319497	1
CP001429.2	319497	319724	0
CP001429.2	319724	319791	1
CP001429.2	319791	319817	0
CP001429.2	319817	319883	1
CP001429.2	319883	320282	0
CP001429.2	320282	320322	1
CP001429.2	320322	320323	0
CP001429.2	320323	320379	1
CP001429.2	320379	320380	0
CP001429.2	320380	320434	1
CP001429.2	320434	320435	0
CP001429.2	320435	320479	1
CP001429.2	320479	320492	0
CP001429.2	320492	320581	1
CP001429.2	320581	321360	0
CP001429.2	321360	321426	1
CP001429.2	321426	322469	0
CP001429.2	322469	322637	1
CP001429.2	322637	322696	0
CP001429.2	322696	322769	1
CP001429.2	322769	323042	0
CP001429.2	323042	323087	1
CP001429.2	323087	323090	0
CP001429.2	323090	323149	1
CP001429.2	323149	323810	0
CP001429.2	323810	323877	1
CP001429.2	323877	324297	0
CP001429.2	324297	324377	1
CP001429.2	324377	329499	0
CP001429.2	329499	329640	1
CP001429.2	329640	330127	0
CP001429.2	330127	330171	1
CP001429.2	330171	330240	2
CP001429.2	330240	330249	1
CP001429.2	330249	330505	0
CP001429.2	330505	330512	1
CP001429.2	330512	330513	0
CP001429.2	330513	330586	1
CP001429.2	330586	331156	0
CP001429.2	331156	331210	1
CP001429.2	331210	331890	0
CP001429.2	331890	331967	1
CP001429.2	331967	333474	0
CP001429.2	333474	333547	1
CP001429.2	333547	334423	0
CP001429.2	334423	334474	1
CP001429.2	334474	334476	0
CP001429.2	334476	334489	1
CP001429.2	334489	334491	0
CP001429.2	334491	334527	1
CP001429.2	334527	334711	0
CP001429.2	334711	334788	1
CP001429.2	334788	334795	0
CP001429.2	334795	334844	1
CP001429.2	334844	334929	0
CP001429.2	334929	335005	1
CP001429.2	335005	336779	0
CP001429.2	336779	337007	1
CP001429.2	337007	337010	0
CP001429.2	337010	337108	1
CP001429.2	337108	337614	0
CP001429.2	337614	337645	2
CP001429.2	337645	337647	0
CP001429.2	337647	337670	2
CP001429.2	337670	337673	1
CP001429.2	337673	339176	0
CP001429.2	339176	339248	1
CP001429.2	339248	339899	0
CP001429.2	339899	339961	1
CP001429.2	339961	339962	0
CP001429.2	339962	339976	1
CP001429.2	339976	340119	0
CP001429.2	340119	340188	1
CP001429.2	340188	340261	0
CP001429.2	340261	340374	1
CP001429.2	340374	340375	0
CP001429.2	340375	340388	1
CP001429.2	340388	341451	0
CP001429.2	341451	341525	1
CP001429.2	341525	341586	0
CP001429.2	341586	341722	1
CP001429.2	341722	341736	2
CP001429.2	341736	341740	1
CP001429.2	341740	341742	0
CP001429.2	341742	341842	1
CP001429.2	341842	341845	0
CP001429.2	341845	341880	1
CP001429.2	341880	342381	0
CP001429.2	342381	342477	1
CP001429.2	342477	343503	0
CP001429.2	343503	343598	1
CP001429.2	343598	343872	0
CP001429.2	343872	343952	1
CP001429.2	343952	345724	0
CP001429.2	345724	345763	1
CP001429.2	345763	345766	0
CP001429.2	345766	345792	1
CP001429.2	345792	346296	0
CP001429.2	346296	346350	1
CP001429.2	346350	346577	0
CP001429.2	346577	346633	1
CP001429.2	346633	346900	0
CP001429.2	346900	346927	1
CP001429.2	346927	346928	0
CP001429.2	346928	346988	1
CP001429.2	346988	348050	0
CP001429.2	348050	348211	1
CP001429.2	348211	348545	0
CP001429.2	348545	348635	1
CP001429.2	348635	348654	0
CP001429.2	348654	348706	1
CP001429.2	348706	349334	0
CP001429.2	349334	349350	1
CP001429.2	349350	349354	0
CP001429.2	349354	349394	1
CP001429.2	349394	349396	0
CP001429.2	349396	349434	1
CP001429.2	349434	349860	0
CP001429.2	349860	349925	1
CP001429.2	349925	350157	0
CP001429.2	350157	350224	1
CP001429.2	350224	351109	0
CP001429.2	351109	351152	1
CP001429.2	351152	351153	0
CP001429.2	351153	351201	1
CP001429.2	351201	351218	2
CP001429.2	351218	351302	1
CP001429.2	351302	351668	0
CP001429.2	351668	351739	1
CP001429.2	351739	351750	0
CP001429.2	351750	351770	1
CP001429.2	351770	352710	0
CP001429.2	352710	352815	1
CP001429.2	352815	354027	0
CP001429.2	354027	354144	1
CP001429.2	354144	356478	0
CP001429.2	356478	356540	1
CP001429.2	356540	357365	0
CP001429.2	357365	357512	1
CP001429.2	357512	357559	0
CP001429.2	357559	357572	1
CP001429.2	357572	357573	0
CP001429.2	357573	357677	1
CP001429.2	357677	358472	0
CP001429.2	358472	358528	1
CP001429.2	358528	358536	2
CP001429.2	358536	358596	1
CP001429.2	358596	359249	0
CP001429.2	359249	359312	1
CP001429.2	359312	359840	0
CP001429.2	359840	359926	1
CP001429.2	359926	359927	0
CP001429.2	359927	360161	1
CP001429.2	360161	361043	0
CP001429.2	361043	361123	1
CP001429.2	361123	361124	0
CP001429.2	361124	361200	1
CP001429.2	361200	361275	0
CP001429.2	361275	361331	1
CP001429.2	361331	362515	0
CP001429.2	362515	362620	1
CP001429.2	362620	362626	0
CP001429.2	362626	362710	1
CP001429.2	362710	362724	0
CP001429.2	362724	362766	1
CP001429.2	362766	362788	2
CP001429.2	362788	362874	1
CP001429.2	362874	362933	0
CP001429.2	362933	363005	1
CP001429.2	363005	363049	0
CP001429.2	363049	363219	1
CP001429.2	363219	363392	0
CP001429.2	363392	363458	1
CP001429.2	363458	365896	0
CP001429.2	365896	366151	1
CP001429.2	366151	366597	0
CP001429.2	366597	366685	1
CP001429.2	366685	366687	0
CP001429.2	366687	366702	1
CP001429.2	366702	366705	0
CP001429.2	366705	366736	1
CP001429.2	366736	366737	0
CP001429.2	366737	366785	1
CP001429.2	366785	366798	0
CP001429.2	366798	366853	1
CP001429.2	366853	367124	0
CP001429.2	367124	367175	1
CP001429.2	367175	367414	0
CP001429.2	367414	367468	1
CP001429.2	367468	369511	0
CP001429.2	369511	369654	1
CP001429.2	369654	371895	0
CP001429.2	371895	371964	1
CP001429.2	371964	372105	0
CP001429.2	372105	372139	1
CP001429.2	372139	372166	2
CP001429.2	372166	372168	1
CP001429.2	372168	372209	2
CP001429.2	372209	372215	1
CP001429.2	372215	373197	0
CP001429.2	373197	373267	1
CP001429.2	373267	374432	0
CP001429.2	374432	374506	1
CP001429.2	374506	377033	0
CP001429.2	377033	377119	1
CP001429.2	377119	377441	0
CP001429.2	377441	377508	1
CP001429.2	377508	377614	0
CP001429.2	377614	377660	1
CP001429.2	377660	378784	0
CP001429.2	378784	378837	1
CP001429.2	378837	380412	0
CP001429.2	380412	380530	1
CP001429.2	380530	383223	0
CP001429.2	383223	383297	1
CP001429.2	383297	383779	0
CP001429.2	383779	383906	1
CP001429.2	383906	385680	0
CP001429.2	385680	385703	1
CP001429.2	385703	385707	0
CP001429.2	385707	385760	1
CP001429.2	385760	385762	0
CP001429.2	385762	385809	1
CP001429.2	385809	387004	0
CP001429.2	387004	387215	1
CP001429.2	387215	387384	0
CP001429.2	387384	387435	1
CP001429.2	387435	388692	0
CP001429.2	388692	388856	1
CP001429.2	388856	389380	0
CP001429.2	389380	389419	1
CP001429.2	389419	389420	0
CP001429.2	389420	389453	1
CP001429.2	389453	389653	0
CP001429.2	389653	389807	1
CP001429.2	389807	389993	0
CP001429.2	389993	390250	1
CP001429.2	390250	390269	0
CP001429.2	390269	390420	1
CP001429.2	390420	390424	0
CP001429.2	390424	390589	1
CP001429.2	390589	392263	0
CP001429.2	392263	392303	1
CP001429.2	392303	392304	0
CP001429.2	392304	392334	1
CP001429.2	392334	393333	0
CP001429.2	393333	393351	1
CP001429.2	393351	393352	0
CP001429.2	393352	393518	1
CP001429.2	393518	393592	0
CP001429.2	393592	393664	1
CP001429.2	393664	393677	2
CP001429.2	393677	393678	1
CP001429.2	393678	393687	2
CP001429.2	393687	393688	1
CP001429.2	393688	393691	2
CP001429.2	393691	393718	1
CP001429.2	393718	394768	0
CP001429.2	394768	394905	1
CP001429.2	394905	395182	0
CP001429.2	395182	395243	1
CP001429.2	395243	396620	0
CP001429.2	396620	396763	1
CP001429.2	396763	396899	0
CP001429.2	396899	396967	1
CP001429.2	396967	397777	0
CP001429.2	397777	397841	1
CP001429.2	397841	398071	0
CP001429.2	398071	398127	1
CP001429.2	398127	401378	0
CP001429.2	401378	401531	1
CP001429.2	401531	402246	0
CP001429.2	402246	402365	1
CP001429.2	402365	403609	0
CP001429.2	403609	403639	1
CP001429.2	403639	403662	2
CP001429.2	403662	403701	1
CP001429.2	403701	406788	0
CP001429.2	406788	406844	1
CP001429.2	406844	408743	0
CP001429.2	408743	408809	1
CP001429.2	408809	410297	0
CP001429.2	410297	410348	1
CP001429.2	410348	410349	0
CP001429.2	410349	410408	1
CP001429.2	410408	410806	0
CP001429.2	410806	410865	1
CP001429.2	410865	410867	0
CP001429.2	410867	410910	1
CP001429.2	410910	410911	0
CP001429.2	410911	410956	1
CP001429.2	410956	411032	0
CP001429.2	411032	411099	1
CP001429.2	411099	411671	0
CP001429.2	411671	411780	1
CP001429.2	411780	412035	0
CP001429.2	412035	412094	1
CP001429.2	412094	412305	0
CP001429.2	412305	412365	1
CP001429.2	412365	413731	0
CP001429.2	413731	413793	1
CP001429.2	413793	414140	0
CP001429.2	414140	414180	1
CP001429.2	414180	414181	0
CP001429.2	414181	414197	1
CP001429.2	414197	415571	0
CP001429.2	415571	415595	1
CP001429.2	415595	415598	0
CP001429.2	415598	415602	1
CP001429.2	415602	415684	2
CP001429.2	415684	415695	1
CP001429.2	415695	416077	0
CP001429.2	416077	416151	1
CP001429.2	416151	416154	0
CP001429.2	416154	416174	1
CP001429.2	416174	416178	0
CP001429.2	416178	416228	1
CP001429.2	416228	417683	0
CP001429.2	417683	417745	1
CP001429.2	417745	417746	0
CP001429.2	417746	417862	1
CP001429.2	417862	418250	0
CP001429.2	418250	418331	1
CP001429.2	418331	420616	0
CP001429.2	420616	420656	1
CP001429.2	420656	420659	0
CP001429.2	420659	420707	1
CP001429.2	420707	420710	0
CP001429.2	420710	420783	1
CP001429.2	420783	421080	0
CP001429.2	421080	421165	1
CP001429.2	421165	422137	0
CP001429.2	422137	422183	1
CP001429.2	422183	422184	0
CP001429.2	422184	422201	1
CP001429.2	422201	422339	0
CP001429.2	422339	422415	1
CP001429.2	422415	422461	0
CP001429.2	422461	422496	1
CP001429.2	422496	422986	0
CP001429.2	422986	423146	1
CP001429.2	423146	424988	0
CP001429.2	424988	425039	1
CP001429.2	425039	425040	0
CP001429.2	425040	425078	1
CP001429.2	425078	425667	0
CP001429.2	425667	425766	1
CP001429.2	425766	425821	3
CP001429.2	425821	425829	2
CP001429.2	425829	425977	1
CP001429.2	425977	426231	0
CP001429.2	426231	426279	1
CP001429.2	426279	429867	0
CP001429.2	429867	429900	1
CP001429.2	429900	429952	2
CP001429.2	429952	429982	1
CP001429.2	429982	430037	0
CP001429.2	430037	430097	1
CP001429.2	430097	430098	0
CP001429.2	430098	430112	1
CP001429.2	430112	430448	0
CP001429.2	430448	430499	1
CP001429.2	430499	430501	0
CP001429.2	430501	430509	1
CP001429.2	430509	431605	0
CP001429.2	431605	431785	1
CP001429.2	431785	431903	0
CP001429.2	431903	432023	1
CP001429.2	432023	432024	0
CP001429.2	432024	432058	1
CP001429.2	432058	433473	0
CP001429.2	433473	433530	1
CP001429.2	433530	434487	0
CP001429.2	434487	434537	1
CP001429.2	434537	434543	0
CP001429.2	434543	434625	1
CP001429.2	434625	437464	0
CP001429.2	437464	437632	1
CP001429.2	437632	438036	0
CP001429.2	438036	438097	1
CP001429.2	438097	440842	0
CP001429.2	440842	440915	1
CP001429.2	440915	441929	0
CP001429.2	441929	441965	1
CP001429.2	441965	441966	0
CP001429.2	441966	442037	1
CP001429.2	442037	442049	0
CP001429.2	442049	442111	1
CP001429.2	442111	442253	0
CP001429.2	442253	442309	1
CP001429.2	442309	442985	0
CP001429.2	442985	443067	1
CP001429.2	443067	446036	0
CP001429.2	446036	446059	1
CP001429.2	446059	446060	0
CP001429.2	446060	446111	1
CP001429.2	446111	447530	0
CP001429.2	447530	447593	1
CP001429.2	447593	448925	0
CP001429.2	448925	449039	1
CP001429.2	449039	449550	0
CP001429.2	449550	449623	1
CP001429.2	449623	449900	0
CP001429.2	449900	449971	1
CP001429.2	449971	450781	0
CP001429.2	450781	450875	1
CP001429.2	450875	453864	0
CP001429.2	453864	453868	1
CP001429.2	453868	453876	2
CP001429.2	453876	453877	1
CP001429.2	453877	453916	2
CP001429.2	453916	453940	1
CP001429.2	453940	454918	0
CP001429.2	454918	454975	1
CP001429.2	454975	459229	0
CP001429.2	459229	459360	1
CP001429.2	459360	461600	0
CP001429.2	461600	461622	1
CP001429.2	461622	461625	0
CP001429.2	461625	461759	1
CP001429.2	461759	462191	0
CP001429.2	462191	462227	1
CP001429.2	462227	463389	0
CP001429.2	463389	463532	1
CP001429.2	463532	466688	0
CP001429.2	466688	466776	1
CP001429.2	466776	466926	0
CP001429.2	466926	466988	1
CP001429.2	466988	468662	0
CP001429.2	468662	468825	1
CP001429.2	468825	468940	0
CP001429.2	468940	469045	1
CP001429.2	469045	469112	0
CP001429.2	469112	469185	1
CP001429.2	469185	469360	0
CP001429.2	469360	469438	1
CP001429.2	469438	471805	0
CP001429.2	471805	471862	1
CP001429.2	471862	471867	0
CP001429.2	471867	471936	1
CP001429.2	471936	472224	0
CP001429.2	472224	472289	1
CP001429.2	472289	472531	0
CP001429.2	472531	472541	1
CP001429.2	472541	472542	0
CP001429.2	472542	472591	1
CP001429.2	472591	473895	0
CP001429.2	473895	473909	1
CP001429.2	473909	473913	0
CP001429.2	473913	473952	1
CP001429.2	473952	477720	0
CP001429.2	477720	477750	1
CP001429.2	477750	477755	2
CP001429.2	477755	477756	1
CP001429.2	477756	477786	2
CP001429.2	477786	477788	1
CP001429.2	477788	477799	2
CP001429.2	477799	477819	1
CP001429.2	477819	478863	0
CP001429.2	478863	478911	1
CP001429.2	478911	478914	0
CP001429.2	478914	478946	1
CP001429.2	478946	479038	2
CP001429.2	479038	479048	1
CP001429.2	479048	479999	0
CP001429.2	479999	480074	1
CP001429.2	480074	480969	0
CP001429.2	480969	480987	1
CP001429.2	480987	480992	0
CP001429.2	480992	481060	1
CP001429.2	481060	481071	0
CP001429.2	481071	481118	1
CP001429.2	481118	481132	0
CP001429.2	481132	481168	1
CP001429.2	481168	481833	0
CP001429.2	481833	481852	1
CP001429.2	481852	481864	0
CP001429.2	481864	481915	1
CP001429.2	481915	482903	0
CP001429.2	482903	482993	1
CP001429.2	482993	484050	0
CP001429.2	484050	484117	1
CP001429.2	484117	484791	0
CP001429.2	484791	484844	1
CP001429.2	484844	484858	2
CP001429.2	484858	484862	1
CP001429.2	484862	484901	2
CP001429.2	484901	484902	1
CP001429.2	484902	484922	2
CP001429.2	484922	484944	1
CP001429.2	484944	484952	0
CP001429.2	484952	484975	1
CP001429.2	484975	484976	0
CP001429.2	484976	484989	1
CP001429.2	484989	487542	0
CP001429.2	487542	487630	1
CP001429.2	487630	487648	0
CP001429.2	487648	487692	1
CP001429.2	487692	488648	0
CP001429.2	488648	488705	1
CP001429.2	488705	490086	0
CP001429.2	490086	490268	1
CP001429.2	490268	491165	0
CP001429.2	491165	491260	1
CP001429.2	491260	491485	0
CP001429.2	491485	491607	1
CP001429.2	491607	491608	0
CP001429.2	491608	491633	1
CP001429.2	491633	492694	0
CP001429.2	492694	492852	1
CP001429.2	492852	492877	0
CP001429.2	492877	492953	1
CP001429.2	492953	492954	0
CP001429.2	492954	492969	1
CP001429.2	492969	493985	0
CP001429.2	493985	494097	1
CP001429.2	494097	494232	0
CP001429.2	494232	494314	1
CP001429.2	494314	494672	0
CP001429.2	494672	494846	1
CP001429.2	494846	496083	0
CP001429.2	496083	496138	1
CP001429.2	496138	496242	0
CP001429.2	496242	496350	1
CP001429.2	496350	498050	0
CP001429.2	498050	498097	1
CP001429.2	498097	498101	0
CP001429.2	498101	498132	1
CP001429.2	498132	498282	0
CP001429.2	498282	498415	1
CP001429.2	498415	499210	0
CP001429.2	499210	499370	1
CP001429.2	499370	499371	0
CP001429.2	499371	499420	1
CP001429.2	499420	500685	0
CP001429.2	500685	500765	1
CP001429.2	500765	501172	0
CP001429.2	501172	501200	1
CP001429.2	501200	501201	0
CP001429.2	501201	501242	1
CP001429.2	501242	501243	0
CP001429.2	501243	501294	1
CP001429.2	501294	501608	0
CP001429.2	501608	501677	1
CP001429.2	501677	502665	0
CP001429.2	502665	502721	1
CP001429.2	502721	502844	0
CP001429.2	502844	502964	1
CP001429.2	502964	502987	2
CP001429.2	502987	503034	1
CP001429.2	503034	503483	0
CP001429.2	503483	503613	1
CP001429.2	503613	503650	2
CP001429.2	503650	503690	1
CP001429.2	503690	504011	0
CP001429.2	504011	504072	1
CP001429.2	504072	504075	0
CP001429.2	504075	504198	1
CP001429.2	504198	504356	0
CP001429.2	504356	504359	1
CP001429.2	504359	504360	0
CP001429.2	504360	504408	1
CP001429.2	504408	504416	0
CP001429.2	504416	504427	1
CP001429.2	504427	504430	0
CP001429.2	504430	504470	1
CP001429.2	504470	505820	0
CP001429.2	505820	505911	1
CP001429.2	505911	506058	0
CP001429.2	506058	506081	1
CP001429.2	506081	506082	0
CP001429.2	506082	506132	1
CP001429.2	506132	506394	0
CP001429.2	506394	506398	1
CP001429.2	506398	506474	2
CP001429.2	506474	506476	1
CP001429.2	506476	506477	0
CP001429.2	506477	506478	1
CP001429.2	506478	506507	2
CP001429.2	506507	506554	1
CP001429.2	506554	506793	0
CP001429.2	506793	506844	1
CP001429.2	506844	506897	0
CP001429.2	506897	506941	1
CP001429.2	506941	506942	0
CP001429.2	506942	507046	1
CP001429.2	507046	507048	0
CP001429.2	507048	507060	1
CP001429.2	507060	507616	0
CP001429.2	507616	507672	1
CP001429.2	507672	508098	0
CP001429.2	508098	508217	1
CP001429.2	508217	508751	0
CP001429.2	508751	508821	1
CP001429.2	508821	509298	0
CP001429.2	509298	509477	1
CP001429.2	509477	510255	0
CP001429.2	510255	510341	1
CP001429.2	510341	511143	0
CP001429.2	511143	511224	1
CP001429.2	511224	512021	0
CP001429.2	512021	512152	1
CP001429.2	512152	512462	0
CP001429.2	512462	512587	1
CP001429.2	512587	514581	0
CP001429.2	514581	514775	1
CP001429.2	514775	516504	0
CP001429.2	516504	516570	1
CP001429.2	516570	516572	0
CP001429.2	516572	516606	1
CP001429.2	516606	516779	0
CP001429.2	516779	516844	1
CP001429.2	516844	516993	0
CP001429.2	516993	517023	1
CP001429.2	517023	517025	0
CP001429.2	517025	517058	1
CP001429.2	517058	517686	0
CP001429.2	517686	517858	1
CP001429.2	517858	518652	0
CP001429.2	518652	518737	1
CP001429.2	518737	518738	0
CP001429.2	518738	518776	1
CP001429.2	518776	519550	0
CP001429.2	519550	519610	1
CP001429.2	519610	519612	0
CP001429.2	519612	519800	1
CP001429.2	519800	520324	0
CP001429.2	520324	520421	1
CP001429.2	520421	521580	0
CP001429.2	521580	521678	1
CP001429.2	521678	523197	0
CP001429.2	523197	523351	1
CP001429.2	523351	523558	0
CP001429.2	523558	523582	1
CP001429.2	523582	523645	2
CP001429.2	523645	523688	1
CP001429.2	523688	523819	0
CP001429.2	523819	523848	1
CP001429.2	523848	523849	0
CP001429.2	523849	523890	1
CP001429.2	523890	525423	0
CP001429.2	525423	525500	1
CP001429.2	525500	525729	0
CP001429.2	525729	525829	1
CP001429.2	525829	527164	0
CP001429.2	527164	527215	1
CP001429.2	527215	527216	0
CP001429.2	527216	527309	1
CP001429.2	527309	527315	0
CP001429.2	527315	527380	1
CP001429.2	527380	527853	0
CP001429.2	527853	527919	1
CP001429.2	527919	528070	0
CP001429.2	528070	528119	1
CP001429.2	528119	531463	0
CP001429.2	531463	531481	1
CP001429.2	531481	531483	0
CP001429.2	531483	531538	1
CP001429.2	531538	532261	0
CP001429.2	532261	532334	1
CP001429.2	532334	534857	0
CP001429.2	534857	534923	1
CP001429.2	534923	535083	0
CP001429.2	535083	535142	1
CP001429.2	535142	535960	0
CP001429.2	535960	535987	1
CP001429.2	535987	536008	2
CP001429.2	536008	536009	1
CP001429.2	536009	536019	2
CP001429.2	536019	536020	1
CP001429.2	536020	536025	2
CP001429.2	536025	536065	1
CP001429.2	536065	536066	0
CP001429.2	536066	536132	1
CP001429.2	536132	537743	0
CP001429.2	537743	537799	1
CP001429.2	537799	538361	0
CP001429.2	538361	538451	1
CP001429.2	538451	538713	0
CP001429.2	538713	538741	1
CP001429.2	538741	538742	0
CP001429.2	538742	538896	1
CP001429.2	538896	540336	0
CP001429.2	540336	540407	1
CP001429.2	540407	542979	0
CP001429.2	542979	543096	1
CP001429.2	543096	547040	0
CP001429.2	547040	547076	1
CP001429.2	547076	549884	0
CP001429.2	549884	550056	1
CP001429.2	550056	550060	0
CP001429.2	550060	550070	1
CP001429.2	550070	550084	2
CP001429.2	550084	550195	1
CP001429.2	550195	550224	0
CP001429.2	550224	550299	1
CP001429.2	550299	550312	0
CP001429.2	550312	550370	1
CP001429.2	550370	550646	0
CP001429.2	550646	550692	1
CP001429.2	550692	550693	0
CP001429.2	550693	550731	1
CP001429.2	550731	550876	0
CP001429.2	550876	550952	1
CP001429.2	550952	552042	0
CP001429.2	552042	552072	1
CP001429.2	552072	552082	0
CP001429.2	552082	552088	1
CP001429.2	552088	552089	0
CP001429.2	552089	552161	1
CP001429.2	552161	552767	0
CP001429.2	552767	552834	1
CP001429.2	552834	552859	0
CP001429.2	552859	553207	1
CP001429.2	553207	553505	0
CP001429.2	553505	553563	1
CP001429.2	553563	556733	0
CP001429.2	556733	556801	1
CP001429.2	556801	559388	0
CP001429.2	559388	559464	1
CP001429.2	559464	560708	0
CP001429.2	560708	560785	1
CP001429.2	560785	561154	0
CP001429.2	561154	561323	1
CP001429.2	561323	561325	0
CP001429.2	561325	561338	1
CP001429.2	561338	561874	0
CP001429.2	561874	561886	1
CP001429.2	561886	561915	2
CP001429.2	561915	561916	1
CP001429.2	561916	561938	2
CP001429.2	561938	561940	1
CP001429.2	561940	562621	0
CP001429.2	562621	562728	1
CP001429.2	562728	562757	2
CP001429.2	562757	562758	1
CP001429.2	562758	562762	2
CP001429.2	562762	562774	1
CP001429.2	562774	562775	0
CP001429.2	562775	562781	1
CP001429.2	562781	562784	0
CP001429.2	562784	562814	1
CP001429.2	562814	563092	0
CP001429.2	563092	563244	1
CP001429.2	563244	564956	0
CP001429.2	564956	564996	1
CP001429.2	564996	564998	0
CP001429.2	564998	565059	1
CP001429.2	565059	565555	0
CP001429.2	565555	565602	1
CP001429.2	565602	565603	0
CP001429.2	565603	565647	1
CP001429.2	565647	566724	0
CP001429.2	566724	566845	1
CP001429.2	566845	566919	0
CP001429.2	566919	566996	1
CP001429.2	566996	567954	0
CP001429.2	567954	568008	1
CP001429.2	568008	568035	2
CP001429.2	568035	568170	1
CP001429.2	568170	568255	0
CP001429.2	568255	568436	1
CP001429.2	568436	568470	0
CP001429.2	568470	568550	1
CP001429.2	568550	568553	0
CP001429.2	568553	568601	1
CP001429.2	568601	568627	2
CP001429.2	568627	568666	1
CP001429.2	568666	569566	0
CP001429.2	569566	569652	1
CP001429.2	569652	571883	0
CP001429.2	571883	571930	1
CP001429.2	571930	571968	2
CP001429.2	571968	572004	1
CP001429.2	572004	573143	0
CP001429.2	573143	573215	1
CP001429.2	573215	573459	0
CP001429.2	573459	573511	1
CP001429.2	573511	574106	0
CP001429.2	574106	574169	1
CP001429.2	574169	574512	0
CP001429.2	574512	574603	1
CP001429.2	574603	577315	0
CP001429.2	577315	577343	1
CP001429.2	577343	577345	0
CP001429.2	577345	577398	1
CP001429.2	577398	577903	0
CP001429.2	577903	578030	1
CP001429.2	578030	578071	0
CP001429.2	578071	578134	1
CP001429.2	578134	578567	0
CP001429.2	578567	578631	1
CP001429.2	578631	578695	0
CP001429.2	578695	578765	1
CP001429.2	578765	581429	0
CP001429.2	581429	581464	1
CP001429.2	581464	581469	0
CP001429.2	581469	581495	1
CP001429.2	581495	581561	0
CP001429.2	581561	581624	1
CP001429.2	581624	583715	0
CP001429.2	583715	583788	1
CP001429.2	583788	585615	0
CP001429.2	585615	585685	1
CP001429.2	585685	586741	0
CP001429.2	586741	586845	1
CP001429.2	586845	587176	0
CP001429.2	587176	587200	1
CP001429.2	587200	587201	0
CP001429.2	587201	587274	1
CP001429.2	587274	587333	0
CP001429.2	587333	587408	1
CP001429.2	587408	587409	0
CP001429.2	587409	587491	1
CP001429.2	587491	587492	0
CP001429.2	587492	587510	1
CP001429.2	587510	587638	0
CP001429.2	587638	587801	1
CP001429.2	587801	591285	0
CP001429.2	591285	591305	1
CP001429.2	591305	591306	0
CP001429.2	591306	591351	1
CP001429.2	591351	592401	0
CP001429.2	592401	592514	1
CP001429.2	592514	597418	0
CP001429.2	597418	597438	1
CP001429.2	597438	597441	0
CP001429.2	597441	597482	1
CP001429.2	597482	598950	0
CP001429.2	598950	598974	1
CP001429.2	598974	598977	0
CP001429.2	598977	599088	1
CP001429.2	599088	600230	0
CP001429.2	600230	600295	1
CP001429.2	600295	601090	0
CP001429.2	601090	601169	1
CP001429.2	601169	602211	0
CP001429.2	602211	602227	1
CP001429.2	602227	602228	0
CP001429.2	602228	602266	1
CP001429.2	602266	603307	0
CP001429.2	603307	603512	1
CP001429.2	603512	603520	0
CP001429.2	603520	603580	1
CP001429.2	603580	603582	0
CP001429.2	603582	603615	1
CP001429.2	603615	603616	0
CP001429.2	603616	603626	1
CP001429.2	603626	605636	0
CP001429.2	605636	605867	1
CP001429.2	605867	605868	0
CP001429.2	605868	606080	1
CP001429.2	606080	606084	0
CP001429.2	606084	606097	1
CP001429.2	606097	606109	0
CP001429.2	606109	606146	1
CP001429.2	606146	606147	0
CP001429.2	606147	606191	1
CP001429.2	606191	608068	0
CP001429.2	608068	608089	1
CP001429.2	608089	608151	2
CP001429.2	608151	608231	1
CP001429.2	608231	609025	0
CP001429.2	609025	609082	1
CP001429.2	609082	609083	0
CP001429.2	609083	609093	1
CP001429.2	609093	609094	0
CP001429.2	609094	609128	1
CP001429.2	609128	610069	0
CP001429.2	610069	610089	1
CP001429.2	610089	610090	0
CP001429.2	610090	610160	1
CP001429.2	610160	611508	0
CP001429.2	611508	611547	2
CP001429.2	611547	612657	0
CP001429.2	612657	612740	1
CP001429.2	612740	613080	0
CP001429.2	613080	613153	1
CP001429.2	613153	613358	0
CP001429.2	613358	613434	1
CP001429.2	613434	613435	0
CP001429.2	613435	613442	1
CP001429.2	613442	613443	0
CP001429.2	613443	613555	1
CP001429.2	613555	613556	0
CP001429.2	613556	613578	1
CP001429.2	613578	613978	0
CP001429.2	613978	614049	1
CP001429.2	614049	614259	0
CP001429.2	614259	614330	1
CP001429.2	614330	614364	2
CP001429.2	614364	614397	1
CP001429.2	614397	614806	0
CP001429.2	614806	614867	1
CP001429.2	614867	614868	2
CP001429.2	614868	614870	3
CP001429.2	614870	614898	4
CP001429.2	614898	614899	3
CP001429.2	614899	614906	4
CP001429.2	614906	614909	3
CP001429.2	614909	614931	4
CP001429.2	614931	614941	5
CP001429.2	614941	614990	4
CP001429.2	614990	615001	3
CP001429.2	615001	615012	2
CP001429.2	615012	615026	1
CP001429.2	615026	615143	0
CP001429.2	615143	615262	1
CP001429.2	615262	615282	2
CP001429.2	615282	615283	1
CP001429.2	615283	615296	2
CP001429.2	615296	615299	1
CP001429.2	615299	615316	2
CP001429.2	615316	615347	1
CP001429.2	615347	615356	2
CP001429.2	615356	615400	1
CP001429.2	615400	618252	0
CP001429.2	618252	618332	1
CP001429.2	618332	618333	0
CP001429.2	618333	618401	1
CP001429.2	618401	618402	0
CP001429.2	618402	618523	1
CP001429.2	618523	618636	0
CP001429.2	618636	618714	1
CP001429.2	618714	619922	0
CP001429.2	619922	620050	1
CP001429.2	620050	620051	0
CP001429.2	620051	620077	1
CP001429.2	620077	620241	0
CP001429.2	620241	620300	1
CP001429.2	620300	620920	0
CP001429.2	620920	620968	1
CP001429.2	620968	621280	0
CP001429.2	621280	621319	1
CP001429.2	621319	621397	2
CP001429.2	621397	621418	1
CP001429.2	621418	622994	0
CP001429.2	622994	623149	1
CP001429.2	623149	624440	0
CP001429.2	624440	624600	1
CP001429.2	624600	624701	0
CP001429.2	624701	624720	1
CP001429.2	624720	624721	0
CP001429.2	624721	624774	1
CP001429.2	624774	626421	0
CP001429.2	626421	626529	1
CP001429.2	626529	626530	0
CP001429.2	626530	626611	1
CP001429.2	626611	627395	0
CP001429.2	627395	627607	1
CP001429.2	627607	627618	2
CP001429.2	627618	627708	1
CP001429.2	627708	629678	0
CP001429.2	629678	629684	1
CP001429.2	629684	629686	0
CP001429.2	629686	629810	1
CP001429.2	629810	630203	0
CP001429.2	630203	630283	1
CP001429.2	630283	630354	0
CP001429.2	630354	630431	1
CP001429.2	630431	631367	0
CP001429.2	631367	631420	1
CP001429.2	631420	633479	0
CP001429.2	633479	633501	1
CP001429.2	633501	633502	0
CP001429.2	633502	633585	1
CP001429.2	633585	633766	0
CP001429.2	633766	633767	1
CP001429.2	633767	633810	2
CP001429.2	633810	633822	3
CP001429.2	633822	633829	2
CP001429.2	633829	633879	1
CP001429.2	633879	635521	0
CP001429.2	635521	635629	1
CP001429.2	635629	636994	0
