CP001429.2	0	5027	0
CP001429.2	5027	5279	1
CP001429.2	5279	6453	0
CP001429.2	6453	6516	1
CP001429.2	6516	17615	0
CP001429.2	17615	17728	1
CP001429.2	17728	17736	0
CP001429.2	17736	17834	1
CP001429.2	17834	22434	0
CP001429.2	22434	22484	1
CP001429.2	22484	25529	0
CP001429.2	25529	25592	1
CP001429.2	25592	25593	0
CP001429.2	25593	25859	1
CP001429.2	25859	25863	0
CP001429.2	25863	25953	1
CP001429.2	25953	26337	0
CP001429.2	26337	26397	1
CP001429.2	26397	37783	0
CP001429.2	37783	37945	1
CP001429.2	37945	38248	0
CP001429.2	38248	38329	1
CP001429.2	38329	48988	0
CP001429.2	48988	49053	1
CP001429.2	49053	51828	0
CP001429.2	51828	51879	1
CP001429.2	51879	56281	0
CP001429.2	56281	56336	1
CP001429.2	56336	56386	0
CP001429.2	56386	56481	1
CP001429.2	56481	70998	0
CP001429.2	70998	71068	1
CP001429.2	71068	72330	0
CP001429.2	72330	72419	1
CP001429.2	72419	79694	0
CP001429.2	79694	79796	1
CP001429.2	79796	79797	0
CP001429.2	79797	79823	1
CP001429.2	79823	80062	0
CP001429.2	80062	80156	1
CP001429.2	80156	80157	0
CP001429.2	80157	80223	1
CP001429.2	80223	80741	0
CP001429.2	80741	80775	1
CP001429.2	80775	80776	0
CP001429.2	80776	80813	1
CP001429.2	80813	81220	0
CP001429.2	81220	81278	1
CP001429.2	81278	81647	0
CP001429.2	81647	81868	1
CP001429.2	81868	82229	0
CP001429.2	82229	82243	1
CP001429.2	82243	82245	0
CP001429.2	82245	82325	1
CP001429.2	82325	82650	0
CP001429.2	82650	82654	1
CP001429.2	82654	82655	0
CP001429.2	82655	82732	1
CP001429.2	82732	83021	0
CP001429.2	83021	83138	1
CP001429.2	83138	83238	0
CP001429.2	83238	83251	1
CP001429.2	83251	83252	0
CP001429.2	83252	83290	1
CP001429.2	83290	83582	0
CP001429.2	83582	83616	1
CP001429.2	83616	83621	0
CP001429.2	83621	83632	1
CP001429.2	83632	83633	0
CP001429.2	83633	83643	1
CP001429.2	83643	83817	0
CP001429.2	83817	83851	1
CP001429.2	83851	83852	0
CP001429.2	83852	83889	1
CP001429.2	83889	84446	0
CP001429.2	84446	84460	1
CP001429.2	84460	84461	0
CP001429.2	84461	84497	1
CP001429.2	84497	84498	0
CP001429.2	84498	84514	1
CP001429.2	84514	84515	0
CP001429.2	84515	84571	1
CP001429.2	84571	84654	0
CP001429.2	84654	84737	1
CP001429.2	84737	84981	0
CP001429.2	84981	85015	1
CP001429.2	85015	85024	0
CP001429.2	85024	85108	1
CP001429.2	85108	85119	2
CP001429.2	85119	85215	1
CP001429.2	85215	86859	0
CP001429.2	86859	86899	1
CP001429.2	86899	88426	0
CP001429.2	88426	88527	1
CP001429.2	88527	88529	0
CP001429.2	88529	88567	1
CP001429.2	88567	88568	0
CP001429.2	88568	88612	1
CP001429.2	88612	89278	0
CP001429.2	89278	89339	1
CP001429.2	89339	89340	0
CP001429.2	89340	89350	1
CP001429.2	89350	91509	0
CP001429.2	91509	91556	1
CP001429.2	91556	91564	0
CP001429.2	91564	91699	1
CP001429.2	91699	91879	0
CP001429.2	91879	91934	1
CP001429.2	91934	92388	0
CP001429.2	92388	92452	1
CP001429.2	92452	92683	0
CP001429.2	92683	92761	1
CP001429.2	92761	92786	0
CP001429.2	92786	92848	1
CP001429.2	92848	93949	0
CP001429.2	93949	93982	1
CP001429.2	93982	93983	0
CP001429.2	93983	94017	1
CP001429.2	94017	96030	0
CP001429.2	96030	96052	1
CP001429.2	96052	96056	0
CP001429.2	96056	96094	1
CP001429.2	96094	96103	0
CP001429.2	96103	96119	1
CP001429.2	96119	96123	0
CP001429.2	96123	96175	1
CP001429.2	96175	96791	0
CP001429.2	96791	96850	1
CP001429.2	96850	98942	0
CP001429.2	98942	98965	1
CP001429.2	98965	98966	0
CP001429.2	98966	99004	1
CP001429.2	99004	99082	0
CP001429.2	99082	99139	1
CP001429.2	99139	99571	0
CP001429.2	99571	99713	1
CP001429.2	99713	99895	0
CP001429.2	99895	99932	1
CP001429.2	99932	99933	0
CP001429.2	99933	100053	1
CP001429.2	100053	100057	0
CP001429.2	100057	100093	1
CP001429.2	100093	100114	0
CP001429.2	100114	100153	1
CP001429.2	100153	100154	0
CP001429.2	100154	100221	1
CP001429.2	100221	100238	0
CP001429.2	100238	100285	1
CP001429.2	100285	100716	0
CP001429.2	100716	100798	1
CP001429.2	100798	103662	0
CP001429.2	103662	103684	1
CP001429.2	103684	103685	0
CP001429.2	103685	103695	1
CP001429.2	103695	103697	0
CP001429.2	103697	103743	1
CP001429.2	103743	104943	0
CP001429.2	104943	104979	1
CP001429.2	104979	105645	0
CP001429.2	105645	105735	1
CP001429.2	105735	105906	0
CP001429.2	105906	106070	1
CP001429.2	106070	106071	0
CP001429.2	106071	106079	1
CP001429.2	106079	106429	0
CP001429.2	106429	106463	1
CP001429.2	106463	106464	0
CP001429.2	106464	106480	1
CP001429.2	106480	106483	0
CP001429.2	106483	106591	1
CP001429.2	106591	107387	0
CP001429.2	107387	107467	1
CP001429.2	107467	108075	0
CP001429.2	108075	108233	1
CP001429.2	108233	111084	0
CP001429.2	111084	111159	1
CP001429.2	111159	111265	0
CP001429.2	111265	111319	1
CP001429.2	111319	111321	0
CP001429.2	111321	111350	1
CP001429.2	111350	111892	0
CP001429.2	111892	111966	1
CP001429.2	111966	113634	0
CP001429.2	113634	113742	2
CP001429.2	113742	115210	0
CP001429.2	115210	115285	1
CP001429.2	115285	115666	0
CP001429.2	115666	115698	1
CP001429.2	115698	115699	0
CP001429.2	115699	115740	1
CP001429.2	115740	116754	0
CP001429.2	116754	116770	1
CP001429.2	116770	116772	0
CP001429.2	116772	116833	1
CP001429.2	116833	118223	0
CP001429.2	118223	118280	1
CP001429.2	118280	118368	0
CP001429.2	118368	118435	1
CP001429.2	118435	118781	0
CP001429.2	118781	118851	1
CP001429.2	118851	119336	0
CP001429.2	119336	119362	1
CP001429.2	119362	119364	0
CP001429.2	119364	119408	1
CP001429.2	119408	119457	2
CP001429.2	119457	119460	1
CP001429.2	119460	119475	2
CP001429.2	119475	119476	1
CP001429.2	119476	119484	2
CP001429.2	119484	119485	1
CP001429.2	119485	119552	2
CP001429.2	119552	119562	3
CP001429.2	119562	119564	2
CP001429.2	119564	119593	3
CP001429.2	119593	119617	2
CP001429.2	119617	119664	1
CP001429.2	119664	121130	0
CP001429.2	121130	121209	1
CP001429.2	121209	122933	0
CP001429.2	122933	123007	1
CP001429.2	123007	123652	0
CP001429.2	123652	123703	1
CP001429.2	123703	124033	0
CP001429.2	124033	124132	1
CP001429.2	124132	124687	0
CP001429.2	124687	124795	1
CP001429.2	124795	126495	0
CP001429.2	126495	126549	1
CP001429.2	126549	126825	0
CP001429.2	126825	126879	1
CP001429.2	126879	127191	0
CP001429.2	127191	127251	1
CP001429.2	127251	127286	0
CP001429.2	127286	127480	1
CP001429.2	127480	127687	0
CP001429.2	127687	127764	1
CP001429.2	127764	128787	0
CP001429.2	128787	128841	1
CP001429.2	128841	128916	0
CP001429.2	128916	128956	1
CP001429.2	128956	128957	0
CP001429.2	128957	128975	1
CP001429.2	128975	130280	0
CP001429.2	130280	130330	1
CP001429.2	130330	131876	0
CP001429.2	131876	131996	1
CP001429.2	131996	132838	0
CP001429.2	132838	132866	1
CP001429.2	132866	132868	0
CP001429.2	132868	132876	1
CP001429.2	132876	132877	0
CP001429.2	132877	132902	1
CP001429.2	132902	134222	0
CP001429.2	134222	134385	1
CP001429.2	134385	135206	0
CP001429.2	135206	135292	1
CP001429.2	135292	135388	0
CP001429.2	135388	135480	1
CP001429.2	135480	137375	0
CP001429.2	137375	137467	1
CP001429.2	137467	138058	0
CP001429.2	138058	138874	1
CP001429.2	138874	140223	0
CP001429.2	140223	140238	1
CP001429.2	140238	140242	0
CP001429.2	140242	140309	1
CP001429.2	140309	140609	0
CP001429.2	140609	140690	1
CP001429.2	140690	141248	0
CP001429.2	141248	141313	1
CP001429.2	141313	141788	0
CP001429.2	141788	141946	1
CP001429.2	141946	141948	0
CP001429.2	141948	141977	1
CP001429.2	141977	143196	0
CP001429.2	143196	143217	1
CP001429.2	143217	143218	0
CP001429.2	143218	143243	1
CP001429.2	143243	143268	2
CP001429.2	143268	143272	1
CP001429.2	143272	143273	0
CP001429.2	143273	143312	1
CP001429.2	143312	144070	0
CP001429.2	144070	144132	1
CP001429.2	144132	144672	0
CP001429.2	144672	145133	1
CP001429.2	145133	145135	0
CP001429.2	145135	145177	1
CP001429.2	145177	145179	0
CP001429.2	145179	145206	1
CP001429.2	145206	146916	0
CP001429.2	146916	147069	1
CP001429.2	147069	148415	0
CP001429.2	148415	148462	1
CP001429.2	148462	148465	0
CP001429.2	148465	148495	1
CP001429.2	148495	150422	0
CP001429.2	150422	150526	1
CP001429.2	150526	150527	0
CP001429.2	150527	150569	1
CP001429.2	150569	151896	0
CP001429.2	151896	151934	1
CP001429.2	151934	151935	0
CP001429.2	151935	151952	1
CP001429.2	151952	151953	0
CP001429.2	151953	151979	1
CP001429.2	151979	152767	0
CP001429.2	152767	152830	1
CP001429.2	152830	152960	0
CP001429.2	152960	153058	1
CP001429.2	153058	153319	0
CP001429.2	153319	153419	1
CP001429.2	153419	153423	0
CP001429.2	153423	153465	1
CP001429.2	153465	153591	0
CP001429.2	153591	153686	1
CP001429.2	153686	154737	0
CP001429.2	154737	154795	1
CP001429.2	154795	154796	0
CP001429.2	154796	154812	1
CP001429.2	154812	155236	0
CP001429.2	155236	155328	1
CP001429.2	155328	155375	2
CP001429.2	155375	155481	1
CP001429.2	155481	157706	0
CP001429.2	157706	157768	1
CP001429.2	157768	157770	0
CP001429.2	157770	157856	1
CP001429.2	157856	158299	0
CP001429.2	158299	158363	1
CP001429.2	158363	158833	0
CP001429.2	158833	158913	1
CP001429.2	158913	158917	0
CP001429.2	158917	158937	1
CP001429.2	158937	159605	0
CP001429.2	159605	159636	1
CP001429.2	159636	159660	2
CP001429.2	159660	159726	1
CP001429.2	159726	159899	0
CP001429.2	159899	159959	1
CP001429.2	159959	160998	0
CP001429.2	160998	161066	1
CP001429.2	161066	161930	0
CP001429.2	161930	162001	1
CP001429.2	162001	163548	0
CP001429.2	163548	163613	1
CP001429.2	163613	164126	0
CP001429.2	164126	164176	1
CP001429.2	164176	165959	0
CP001429.2	165959	166009	1
CP001429.2	166009	166228	0
CP001429.2	166228	166391	1
CP001429.2	166391	167380	0
CP001429.2	167380	167396	1
CP001429.2	167396	167397	0
CP001429.2	167397	167808	1
CP001429.2	167808	168464	0
CP001429.2	168464	168602	1
CP001429.2	168602	169035	0
CP001429.2	169035	169041	1
CP001429.2	169041	169042	0
CP001429.2	169042	169104	1
CP001429.2	169104	170583	0
CP001429.2	170583	170783	1
CP001429.2	170783	170784	0
CP001429.2	170784	170802	1
CP001429.2	170802	170903	0
CP001429.2	170903	170967	1
CP001429.2	170967	173026	0
CP001429.2	173026	173081	1
CP001429.2	173081	173082	0
CP001429.2	173082	173151	1
CP001429.2	173151	174094	0
CP001429.2	174094	174156	1
CP001429.2	174156	174322	0
CP001429.2	174322	174450	1
CP001429.2	174450	177984	0
CP001429.2	177984	177996	1
CP001429.2	177996	178027	2
CP001429.2	178027	178028	1
CP001429.2	178028	178045	2
CP001429.2	178045	178054	0
CP001429.2	178054	178175	1
CP001429.2	178175	178620	0
CP001429.2	178620	178737	1
CP001429.2	178737	179599	0
CP001429.2	179599	179635	1
CP001429.2	179635	179641	0
CP001429.2	179641	179653	1
CP001429.2	179653	179666	2
CP001429.2	179666	179713	1
CP001429.2	179713	179714	0
CP001429.2	179714	179786	1
CP001429.2	179786	179788	0
CP001429.2	179788	179814	1
CP001429.2	179814	180404	0
CP001429.2	180404	180440	1
CP001429.2	180440	180441	0
CP001429.2	180441	180458	1
CP001429.2	180458	180462	0
CP001429.2	180462	180570	1
CP001429.2	180570	183693	0
CP001429.2	183693	183787	1
CP001429.2	183787	183962	0
CP001429.2	183962	184210	1
CP001429.2	184210	184965	0
CP001429.2	184965	185000	1
CP001429.2	185000	185001	0
CP001429.2	185001	185036	1
CP001429.2	185036	185390	0
CP001429.2	185390	185478	1
CP001429.2	185478	185481	0
CP001429.2	185481	185510	1
CP001429.2	185510	185550	0
CP001429.2	185550	185629	1
CP001429.2	185629	185633	0
CP001429.2	185633	185709	1
CP001429.2	185709	186530	0
CP001429.2	186530	186579	1
CP001429.2	186579	186581	0
CP001429.2	186581	186596	1
CP001429.2	186596	186597	0
CP001429.2	186597	186611	1
CP001429.2	186611	186612	0
CP001429.2	186612	186651	1
CP001429.2	186651	188526	0
CP001429.2	188526	188611	1
CP001429.2	188611	188695	0
CP001429.2	188695	188777	1
CP001429.2	188777	188806	0
CP001429.2	188806	188865	1
CP001429.2	188865	189536	0
CP001429.2	189536	189608	1
CP001429.2	189608	189846	0
CP001429.2	189846	189999	1
CP001429.2	189999	190052	2
CP001429.2	190052	190067	1
CP001429.2	190067	190170	0
CP001429.2	190170	190174	1
CP001429.2	190174	190235	2
CP001429.2	190235	190258	1
CP001429.2	190258	190482	0
CP001429.2	190482	190650	1
CP001429.2	190650	190983	0
CP001429.2	190983	191048	1
CP001429.2	191048	191091	0
CP001429.2	191091	191143	1
CP001429.2	191143	191447	0
CP001429.2	191447	191581	1
CP001429.2	191581	192032	0
CP001429.2	192032	192100	1
CP001429.2	192100	194834	0
CP001429.2	194834	194898	1
CP001429.2	194898	195233	0
CP001429.2	195233	195294	1
CP001429.2	195294	195299	0
CP001429.2	195299	195398	1
CP001429.2	195398	195401	0
CP001429.2	195401	195412	1
CP001429.2	195412	195632	0
CP001429.2	195632	195678	1
CP001429.2	195678	195680	0
CP001429.2	195680	195696	1
CP001429.2	195696	197005	0
CP001429.2	197005	197090	1
CP001429.2	197090	197932	0
CP001429.2	197932	198034	1
CP001429.2	198034	198035	0
CP001429.2	198035	198151	1
CP001429.2	198151	198154	0
CP001429.2	198154	198162	1
CP001429.2	198162	198163	0
CP001429.2	198163	198309	1
CP001429.2	198309	198311	0
CP001429.2	198311	198329	1
CP001429.2	198329	198330	0
CP001429.2	198330	198528	1
CP001429.2	198528	198530	0
CP001429.2	198530	198538	1
CP001429.2	198538	198539	0
CP001429.2	198539	198667	1
CP001429.2	198667	198669	0
CP001429.2	198669	198708	1
CP001429.2	198708	198709	0
CP001429.2	198709	198731	1
CP001429.2	198731	198733	0
CP001429.2	198733	198760	1
CP001429.2	198760	198761	0
CP001429.2	198761	198832	1
CP001429.2	198832	198833	0
CP001429.2	198833	198903	1
CP001429.2	198903	201978	0
CP001429.2	201978	202031	1
CP001429.2	202031	203280	0
CP001429.2	203280	203423	1
CP001429.2	203423	203424	0
CP001429.2	203424	203588	1
CP001429.2	203588	204582	0
CP001429.2	204582	204604	1
CP001429.2	204604	204608	0
CP001429.2	204608	204707	1
CP001429.2	204707	205336	0
CP001429.2	205336	205483	1
CP001429.2	205483	205485	0
CP001429.2	205485	205489	1
CP001429.2	205489	205501	2
CP001429.2	205501	205522	1
CP001429.2	205522	205525	0
CP001429.2	205525	205569	1
CP001429.2	205569	206098	0
CP001429.2	206098	206191	1
CP001429.2	206191	206489	0
CP001429.2	206489	206593	1
CP001429.2	206593	207762	0
CP001429.2	207762	207816	1
CP001429.2	207816	208090	0
CP001429.2	208090	208239	1
CP001429.2	208239	208376	0
CP001429.2	208376	208441	1
CP001429.2	208441	208442	0
CP001429.2	208442	208456	1
CP001429.2	208456	209466	0
CP001429.2	209466	209527	1
CP001429.2	209527	211441	0
CP001429.2	211441	211584	1
CP001429.2	211584	211875	0
CP001429.2	211875	211953	1
CP001429.2	211953	212591	0
CP001429.2	212591	212623	1
CP001429.2	212623	212624	0
CP001429.2	212624	212700	1
CP001429.2	212700	212749	2
CP001429.2	212749	212769	1
CP001429.2	212769	213109	0
CP001429.2	213109	213115	1
CP001429.2	213115	213226	2
CP001429.2	213226	213243	1
CP001429.2	213243	213276	0
CP001429.2	213276	213357	1
CP001429.2	213357	213634	0
CP001429.2	213634	213696	1
CP001429.2	213696	213697	0
CP001429.2	213697	213740	1
CP001429.2	213740	214275	0
CP001429.2	214275	214327	1
CP001429.2	214327	216962	0
CP001429.2	216962	217028	1
CP001429.2	217028	217151	0
CP001429.2	217151	217187	1
CP001429.2	217187	218426	0
CP001429.2	218426	218539	1
CP001429.2	218539	223418	0
CP001429.2	223418	223481	1
CP001429.2	223481	223691	0
CP001429.2	223691	223800	1
CP001429.2	223800	223990	0
CP001429.2	223990	224040	1
CP001429.2	224040	224880	0
CP001429.2	224880	225035	1
CP001429.2	225035	225036	0
CP001429.2	225036	225195	1
CP001429.2	225195	225715	0
CP001429.2	225715	225751	1
CP001429.2	225751	225752	0
CP001429.2	225752	226013	1
CP001429.2	226013	227710	0
CP001429.2	227710	227797	1
CP001429.2	227797	228976	0
CP001429.2	228976	229039	1
CP001429.2	229039	229294	0
CP001429.2	229294	229374	1
CP001429.2	229374	229423	0
CP001429.2	229423	229457	1
CP001429.2	229457	229459	0
CP001429.2	229459	229510	1
CP001429.2	229510	230064	0
CP001429.2	230064	230223	1
CP001429.2	230223	231341	0
CP001429.2	231341	231376	1
CP001429.2	231376	231391	2
CP001429.2	231391	231415	1
CP001429.2	231415	231806	0
CP001429.2	231806	231867	1
CP001429.2	231867	235807	0
CP001429.2	235807	235885	1
CP001429.2	235885	236147	0
CP001429.2	236147	236210	1
CP001429.2	236210	237759	0
CP001429.2	237759	237810	1
CP001429.2	237810	237887	0
CP001429.2	237887	237966	1
CP001429.2	237966	238049	0
CP001429.2	238049	238120	1
CP001429.2	238120	238123	0
CP001429.2	238123	239243	1
CP001429.2	239243	239244	0
CP001429.2	239244	239344	1
CP001429.2	239344	239345	0
CP001429.2	239345	239385	1
CP001429.2	239385	239386	0
CP001429.2	239386	239446	1
CP001429.2	239446	239447	0
CP001429.2	239447	239846	1
CP001429.2	239846	239925	0
CP001429.2	239925	239980	1
CP001429.2	239980	240024	0
CP001429.2	240024	240200	1
CP001429.2	240200	240519	0
CP001429.2	240519	240579	1
CP001429.2	240579	242415	0
CP001429.2	242415	242487	1
CP001429.2	242487	243764	0
CP001429.2	243764	243792	1
CP001429.2	243792	243796	0
CP001429.2	243796	243837	1
CP001429.2	243837	243844	0
CP001429.2	243844	243890	1
CP001429.2	243890	245239	0
CP001429.2	245239	245247	1
CP001429.2	245247	245248	0
CP001429.2	245248	245387	1
CP001429.2	245387	246667	0
CP001429.2	246667	246731	1
CP001429.2	246731	246991	0
CP001429.2	246991	247143	1
CP001429.2	247143	249179	0
CP001429.2	249179	249233	1
CP001429.2	249233	250011	0
CP001429.2	250011	250069	1
CP001429.2	250069	250076	0
CP001429.2	250076	250090	1
CP001429.2	250090	250091	0
CP001429.2	250091	250130	1
CP001429.2	250130	250134	0
CP001429.2	250134	250180	1
CP001429.2	250180	250188	0
CP001429.2	250188	250244	1
CP001429.2	250244	251217	0
CP001429.2	251217	251288	1
CP001429.2	251288	251477	0
CP001429.2	251477	251649	1
CP001429.2	251649	251989	0
CP001429.2	251989	252131	1
CP001429.2	252131	252164	0
CP001429.2	252164	252188	1
CP001429.2	252188	252199	2
CP001429.2	252199	252200	1
CP001429.2	252200	252215	2
CP001429.2	252215	252243	1
CP001429.2	252243	252515	0
CP001429.2	252515	252572	1
CP001429.2	252572	252712	0
CP001429.2	252712	252809	1
CP001429.2	252809	253724	0
CP001429.2	253724	253780	1
CP001429.2	253780	254289	0
CP001429.2	254289	254344	1
CP001429.2	254344	255587	0
CP001429.2	255587	255655	1
CP001429.2	255655	255656	0
CP001429.2	255656	255708	1
CP001429.2	255708	256127	0
CP001429.2	256127	256146	1
CP001429.2	256146	256149	0
CP001429.2	256149	256191	1
CP001429.2	256191	256192	0
CP001429.2	256192	256229	1
CP001429.2	256229	257765	0
CP001429.2	257765	257821	1
CP001429.2	257821	258201	0
CP001429.2	258201	258267	1
CP001429.2	258267	259229	0
CP001429.2	259229	259292	1
CP001429.2	259292	260043	0
CP001429.2	260043	260113	1
CP001429.2	260113	260321	0
CP001429.2	260321	260391	1
CP001429.2	260391	260629	0
CP001429.2	260629	260755	1
CP001429.2	260755	261445	0
CP001429.2	261445	261537	1
CP001429.2	261537	261984	0
CP001429.2	261984	262038	1
CP001429.2	262038	262064	0
CP001429.2	262064	262203	1
CP001429.2	262203	262911	0
CP001429.2	262911	262983	1
CP001429.2	262983	262984	0
CP001429.2	262984	263119	1
CP001429.2	263119	263120	2
CP001429.2	263120	263187	1
CP001429.2	263187	263358	0
CP001429.2	263358	263412	1
CP001429.2	263412	265328	0
CP001429.2	265328	265338	1
CP001429.2	265338	265339	0
CP001429.2	265339	265354	1
CP001429.2	265354	265358	0
CP001429.2	265358	265413	1
CP001429.2	265413	267838	0
CP001429.2	267838	268019	1
CP001429.2	268019	268468	0
CP001429.2	268468	268527	1
CP001429.2	268527	268956	0
CP001429.2	268956	269017	1
CP001429.2	269017	269156	0
CP001429.2	269156	269226	1
CP001429.2	269226	270588	0
CP001429.2	270588	270716	1
CP001429.2	270716	270718	0
CP001429.2	270718	270752	1
CP001429.2	270752	270753	0
CP001429.2	270753	270785	1
CP001429.2	270785	270786	0
CP001429.2	270786	270819	1
CP001429.2	270819	270820	0
CP001429.2	270820	270854	1
CP001429.2	270854	272270	0
CP001429.2	272270	272406	1
CP001429.2	272406	272715	0
CP001429.2	272715	272796	1
CP001429.2	272796	275700	0
CP001429.2	275700	275742	1
CP001429.2	275742	276683	0
CP001429.2	276683	276867	1
CP001429.2	276867	276969	0
CP001429.2	276969	277037	1
CP001429.2	277037	278331	0
CP001429.2	278331	278401	1
CP001429.2	278401	278402	0
CP001429.2	278402	278411	1
CP001429.2	278411	278602	0
CP001429.2	278602	278753	1
CP001429.2	278753	280136	0
CP001429.2	280136	280200	1
CP001429.2	280200	280617	0
CP001429.2	280617	280633	1
CP001429.2	280633	280634	0
CP001429.2	280634	280721	1
CP001429.2	280721	280742	0
CP001429.2	280742	280868	1
CP001429.2	280868	280872	0
CP001429.2	280872	280889	1
CP001429.2	280889	282179	0
CP001429.2	282179	282261	1
CP001429.2	282261	282293	0
CP001429.2	282293	282361	1
CP001429.2	282361	282362	0
CP001429.2	282362	282389	1
CP001429.2	282389	282390	0
CP001429.2	282390	282439	1
CP001429.2	282439	284248	0
CP001429.2	284248	284291	1
CP001429.2	284291	284864	0
CP001429.2	284864	285119	1
CP001429.2	285119	287774	0
CP001429.2	287774	287789	1
CP001429.2	287789	287790	0
CP001429.2	287790	287830	1
CP001429.2	287830	289161	0
CP001429.2	289161	289223	1
CP001429.2	289223	289316	0
CP001429.2	289316	289377	1
CP001429.2	289377	289806	0
CP001429.2	289806	289843	1
CP001429.2	289843	290456	0
CP001429.2	290456	290527	1
CP001429.2	290527	290542	0
CP001429.2	290542	290605	1
CP001429.2	290605	290624	0
CP001429.2	290624	290696	1
CP001429.2	290696	291257	0
CP001429.2	291257	291307	2
CP001429.2	291307	291309	1
CP001429.2	291309	295402	0
CP001429.2	295402	295459	1
CP001429.2	295459	300889	0
CP001429.2	300889	301029	2
CP001429.2	301029	301030	1
CP001429.2	301030	301067	2
CP001429.2	301067	302718	0
CP001429.2	302718	302786	1
CP001429.2	302786	304112	0
CP001429.2	304112	304240	1
CP001429.2	304240	305025	0
CP001429.2	305025	305116	1
CP001429.2	305116	315604	0
CP001429.2	315604	315668	1
CP001429.2	315668	319372	0
CP001429.2	319372	319414	1
CP001429.2	319414	319415	0
CP001429.2	319415	319428	1
CP001429.2	319428	319429	0
CP001429.2	319429	319475	1
CP001429.2	319475	323810	0
CP001429.2	323810	323864	1
CP001429.2	323864	336779	0
CP001429.2	336779	337004	1
CP001429.2	337004	341586	0
CP001429.2	341586	341723	1
CP001429.2	341723	341736	2
CP001429.2	341736	341740	1
CP001429.2	341740	341742	0
CP001429.2	341742	341878	1
CP001429.2	341878	348654	0
CP001429.2	348654	348706	1
CP001429.2	348706	357559	0
CP001429.2	357559	357572	1
CP001429.2	357572	357573	0
CP001429.2	357573	357608	1
CP001429.2	357608	366798	0
CP001429.2	366798	366853	1
CP001429.2	366853	369513	0
CP001429.2	369513	369621	1
CP001429.2	369621	377440	0
CP001429.2	377440	377505	1
CP001429.2	377505	389678	0
CP001429.2	389678	389803	1
CP001429.2	389803	393343	0
CP001429.2	393343	393351	1
CP001429.2	393351	393352	0
CP001429.2	393352	393396	1
CP001429.2	393396	394249	0
CP001429.2	394249	394355	1
CP001429.2	394355	401378	0
CP001429.2	401378	401530	1
CP001429.2	401530	402277	0
CP001429.2	402277	402358	1
CP001429.2	402358	403646	0
CP001429.2	403646	403699	1
CP001429.2	403699	414140	0
CP001429.2	414140	414196	1
CP001429.2	414196	421057	0
CP001429.2	421057	421113	1
CP001429.2	421113	422986	0
CP001429.2	422986	423136	1
CP001429.2	423136	425763	0
CP001429.2	425763	425824	1
CP001429.2	425824	461635	0
CP001429.2	461635	461722	1
CP001429.2	461722	468688	0
CP001429.2	468688	468750	1
CP001429.2	468750	468949	0
CP001429.2	468949	469004	1
CP001429.2	469004	478946	0
CP001429.2	478946	479038	1
CP001429.2	479038	480006	0
CP001429.2	480006	480060	1
CP001429.2	480060	492702	0
CP001429.2	492702	492852	1
CP001429.2	492852	499250	0
CP001429.2	499250	499370	1
CP001429.2	499370	499372	0
CP001429.2	499372	499396	1
CP001429.2	499396	506406	0
CP001429.2	506406	506456	1
CP001429.2	506456	506458	0
CP001429.2	506458	506474	1
CP001429.2	506474	506478	0
CP001429.2	506478	506554	1
CP001429.2	506554	509298	0
CP001429.2	509298	509443	1
CP001429.2	509443	510262	0
CP001429.2	510262	510319	1
CP001429.2	510319	517687	0
CP001429.2	517687	517831	1
CP001429.2	517831	531463	0
CP001429.2	531463	531538	1
CP001429.2	531538	532261	0
CP001429.2	532261	532334	1
CP001429.2	532334	543508	0
CP001429.2	543508	543624	1
CP001429.2	543624	553005	0
CP001429.2	553005	553057	1
CP001429.2	553057	553058	0
CP001429.2	553058	553077	1
CP001429.2	553077	566724	0
CP001429.2	566724	566845	1
CP001429.2	566845	574514	0
CP001429.2	574514	574606	1
CP001429.2	574606	578567	0
CP001429.2	578567	578631	1
CP001429.2	578631	612594	0
CP001429.2	612594	612762	1
CP001429.2	612762	614301	0
CP001429.2	614301	614363	1
CP001429.2	614363	614918	0
CP001429.2	614918	614972	1
CP001429.2	614972	615262	0
CP001429.2	615262	615356	1
CP001429.2	615356	620245	0
CP001429.2	620245	620300	1
CP001429.2	620300	626430	0
CP001429.2	626430	626512	1
CP001429.2	626512	627618	0
CP001429.2	627618	627683	1
CP001429.2	627683	629697	0
CP001429.2	629697	629808	1
CP001429.2	629808	633481	0
CP001429.2	633481	633501	1
CP001429.2	633501	633502	0
CP001429.2	633502	633543	1
CP001429.2	633543	635883	0
CP001429.2	635883	635984	1
CP001429.2	635984	636994	0
