59 30  50.00
contig_10117:121481-121735.bam
47 29  61.00
contig_10256:1096390-1096781.bam
53 29  54.00
contig_10256:41009-41376.bam
71 36  50.00
contig_10287:207816-208517.bam
69 52  75.00
contig_10384:320322-320784.bam
56 41  73.00
contig_10545:76103-76289.bam
44 27  61.00
contig_10638:679732-679949.bam
46 23  50.00
contig_10672:202267-202491.bam
43 26  60.00
contig_10672:865792-865991.bam
39 21  53.00
contig_10705:1015796-1016077.bam
62 39  62.00
contig_10705:1041130-1041453.bam
44 27  61.00
contig_10757:1455511-1455678.bam
68 36  52.00
contig_10870:1378273-1378581.bam
61 32  52.00
contig_1092:1959209-1959710.bam
46 25  54.00
contig_1092:859446-859818.bam
73 46  63.00
contig_10995:191583-192102.bam
43 23  53.00
contig_10995:570746-571220.bam
58 29  50.00
contig_11023:297311-297609.bam
62 39  62.00
contig_11023:875667-875900.bam
70 46  65.00
contig_11043:577127-577611.bam
43 28  65.00
contig_11083:294162-294548.bam
73 51  69.00
contig_11179:171336-171738.bam
61 43  70.00
contig_11224:450348-450990.bam
40 23  57.00
contig_11488:1100399-1100666.bam
51 35  68.00
contig_11488:1101025-1101504.bam
33 17  51.00
contig_11488:163387-163533.bam
56 35  62.00
contig_11512:2006031-2006307.bam
45 28  62.00
contig_11584:189302-189559.bam
56 35  62.00
contig_11615:129854-130540.bam
49 26  53.00
contig_11731:142612-142770.bam
37 22  59.00
contig_11751:596831-596915.bam
57 30  52.00
contig_11758:395-776.bam
44 28  63.00
contig_11893:19718-20025.bam
46 28  60.00
contig_11:3042681-3042862.bam
85 54  63.00
contig_1200:226803-227566.bam
95 61  64.00
contig_12049:132058-132709.bam
47 26  55.00
contig_12086:169588-170103.bam
50 26  52.00
contig_12086:2161044-2161357.bam
75 38  50.00
contig_12086:2519634-2520246.bam
43 23  53.00
contig_12086:745937-746354.bam
40 24  60.00
contig_12309:215704-215917.bam
45 23  51.00
contig_12336:146966-147251.bam
66 44  66.00
contig_12495:1198705-1199298.bam
41 25  60.00
contig_12499:104859-105238.bam
52 30  57.00
contig_12501:240968-241427.bam
32 18  56.00
contig_12581:466303-466572.bam
68 41  60.00
contig_12608:292138-292501.bam
30 17  56.00
contig_12700:412686-412756.bam
46 25  54.00
contig_12757:346626-346781.bam
69 42  60.00
contig_12837:558882-559432.bam
47 28  59.00
contig_12879:89868-90240.bam
67 41  61.00
contig_12884:149295-149939.bam
77 56  72.00
contig_12884:871662-872368.bam
46 27  58.00
contig_12904:2532389-2532626.bam
98 64  65.00
contig_12911:147182-147774.bam
40 23  57.00
contig_12925:344756-345039.bam
42 25  59.00
contig_12958:226572-226896.bam
66 40  60.00
contig_13022:285672-286297.bam
47 24  51.00
contig_13037:126174-126357.bam
48 28  58.00
contig_13122:246636-247000.bam
41 22  53.00
contig_13178:1242-1370.bam
70 49  70.00
contig_13197:1037173-1037607.bam
38 24  63.00
contig_13211:293882-294419.bam
60 35  58.00
contig_1323:10142-10374.bam
40 23  57.00
contig_13271:804566-804781.bam
55 34  61.00
contig_13348:500872-501261.bam
42 21  50.00
contig_13484:807710-807914.bam
77 52  67.00
contig_13484:923137-923605.bam
40 20  50.00
contig_13496:480290-480494.bam
53 29  54.00
contig_13501:3209-3492.bam
26 21  80.00
contig_13501:53535-53824.bam
60 31  51.00
contig_13513:254455-254756.bam
47 26  55.00
contig_13604:5642-6046.bam
108 98  90.00
contig_13823:477479-478804.bam
41 21  51.00
contig_13852:1075751-1075815.bam
59 32  54.00
contig_14091:637396-637543.bam
48 31  64.00
contig_14143:1775742-1776043.bam
70 47  67.00
contig_14194:261348-261897.bam
43 23  53.00
contig_14317:548948-549143.bam
32 22  68.00
contig_1435:216141-216291.bam
33 19  57.00
contig_14399:1056180-1056483.bam
56 31  55.00
contig_14399:778391-778687.bam
54 36  66.00
contig_14506:303252-303811.bam
45 27  60.00
contig_14536:316520-316849.bam
50 28  56.00
contig_14652:845343-845718.bam
59 33  55.00
contig_14866:254313-254665.bam
56 37  66.00
contig_14897:2034959-2035432.bam
38 21  55.00
contig_14:768587-768876.bam
30 24  80.00
contig_15009:297206-297515.bam
82 45  54.00
contig_15009:428772-429309.bam
46 25  54.00
contig_15136:1687887-1688170.bam
59 35  59.00
contig_15136:260322-260921.bam
45 24  53.00
contig_15136:688009-688279.bam
63 34  53.00
contig_15180:712133-712494.bam
32 19  59.00
contig_15356:536138-536273.bam
61 38  62.00
contig_15401:159286-159669.bam
49 26  53.00
contig_15495:138850-139021.bam
44 26  59.00
contig_15502:1031543-1031906.bam
41 21  51.00
contig_15502:687400-687513.bam
49 27  55.00
contig_15537:35551-35635.bam
41 28  68.00
contig_15573:120903-121301.bam
36 19  52.00
contig_15573:733051-733398.bam
102 66  64.00
contig_15654:8779-9326.bam
55 33  60.00
contig_15655:2050-2538.bam
50 26  52.00
contig_15661:167076-167517.bam
43 23  53.00
contig_15862:1033995-1034443.bam
45 23  51.00
contig_15862:290771-291003.bam
71 51  71.00
contig_15903:650370-650964.bam
66 48  72.00
contig_16024:1295227-1295586.bam
44 24  54.00
contig_16043:531890-532199.bam
39 23  58.00
contig_16043:633947-634233.bam
32 20  62.00
contig_16131:635526-635833.bam
40 22  55.00
contig_1614:1029976-1030171.bam
65 40  61.00
contig_1614:1380268-1380641.bam
37 23  62.00
contig_1614:1803128-1803264.bam
43 22  51.00
contig_1614:362009-362337.bam
63 35  55.00
contig_1614:527297-527525.bam
64 37  57.00
contig_1614:641179-641335.bam
31 17  54.00
contig_1614:840338-840713.bam
71 38  53.00
contig_16163:113456-114068.bam
85 62  72.00
contig_16213:534961-535401.bam
37 19  51.00
contig_16213:673171-673441.bam
64 41  64.00
contig_16300:471563-472110.bam
37 22  59.00
contig_16470:58686-59085.bam
46 34  73.00
contig_16470:665291-665495.bam
39 23  58.00
contig_16470:966438-966623.bam
38 22  57.00
contig_16537:999092-999314.bam
52 26  50.00
contig_16574:4847-5113.bam
63 40  63.00
contig_16583:87444-87842.bam
39 24  61.00
contig_16645:32058-32520.bam
35 22  62.00
contig_16652:387330-387729.bam
38 24  63.00
contig_16670:1274108-1274242.bam
45 23  51.00
contig_16792:53747-54028.bam
44 23  52.00
contig_16808:298596-298961.bam
36 18  50.00
contig_16832:175183-175481.bam
53 27  50.00
contig_16865:34844-35028.bam
44 22  50.00
contig_16867:69749-70062.bam
40 20  50.00
contig_16884:426998-427252.bam
61 41  67.00
contig_16884:46922-47449.bam
57 33  57.00
contig_17003:86207-86609.bam
42 21  50.00
contig_17149:213687-213948.bam
62 32  51.00
contig_17262:366629-367021.bam
56 29  51.00
contig_17376:48887-49233.bam
41 21  51.00
contig_17415:320143-320269.bam
36 19  52.00
contig_17592:371313-371450.bam
40 24  60.00
contig_17592:629578-629768.bam
37 21  56.00
contig_17706:1174169-1174396.bam
35 18  51.00
contig_17735:353815-354179.bam
41 24  58.00
contig_18138:751547-751763.bam
70 41  58.00
contig_18198:515285-515650.bam
94 54  57.00
contig_18283:131321-131694.bam
70 40  57.00
contig_18550:195679-196069.bam
50 26  52.00
contig_18550:735327-735553.bam
63 41  65.00
contig_18601:198502-198953.bam
58 32  55.00
contig_18601:490445-491141.bam
62 45  72.00
contig_18691:632712-633203.bam
43 23  53.00
contig_18708:83179-83595.bam
76 51  67.00
contig_1887:869555-870017.bam
64 37  57.00
contig_19099:1255180-1255854.bam
52 32  61.00
contig_19099:597691-597960.bam
64 33  51.00
contig_19099:600269-600537.bam
59 30  50.00
contig_19182:21443-21842.bam
71 49  69.00
contig_19274:765727-766226.bam
53 28  52.00
contig_19322:522197-522669.bam
92 63  68.00
contig_1940:186294-187025.bam
64 50  78.00
contig_1940:234402-235022.bam
39 21  53.00
contig_19569:73185-73505.bam
47 24  51.00
contig_19579:181823-182029.bam
59 38  64.00
contig_19579:912712-913043.bam
37 20  54.00
contig_19749:477539-477752.bam
41 23  56.00
contig_19934:118382-118617.bam
44 27  61.00
contig_19937:1051747-1051971.bam
63 50  79.00
contig_19954:120029-120671.bam
44 25  56.00
contig_19954:221253-221377.bam
39 20  51.00
contig_19967:573427-573656.bam
64 32  50.00
contig_1997:92090-92580.bam
40 23  57.00
contig_2024:13923-14120.bam
42 22  52.00
contig_20343:1444611-1445095.bam
44 22  50.00
contig_20343:607728-608283.bam
75 47  62.00
contig_20459:222723-223414.bam
76 55  72.00
contig_2046:1058259-1058750.bam
33 17  51.00
contig_2046:1072433-1072772.bam
37 20  54.00
contig_2046:232382-232903.bam
50 29  58.00
contig_2046:669052-669210.bam
50 34  68.00
contig_20542:479931-480290.bam
41 22  53.00
contig_2062:119955-120028.bam
51 27  52.00
contig_2062:5626-6092.bam
34 20  58.00
contig_2073:64867-64995.bam
45 23  51.00
contig_20751:1036158-1036371.bam
69 43  62.00
contig_20818:11404-12101.bam
54 35  64.00
contig_20843:113901-114185.bam
42 27  64.00
contig_20843:82773-83281.bam
81 51  62.00
contig_20881:1906893-1907584.bam
43 26  60.00
contig_20896:671421-672253.bam
38 20  52.00
contig_20982:0-216.bam
60 41  68.00
contig_21033:397931-398600.bam
59 30  50.00
contig_21046:177052-177259.bam
86 55  63.00
contig_21100:139827-140244.bam
45 23  51.00
contig_21177:629518-629573.bam
55 42  76.00
contig_21230:62436-62786.bam
53 28  52.00
contig_21296:127401-127854.bam
44 23  52.00
contig_21303:483762-483959.bam
49 30  61.00
contig_21303:780335-780708.bam
51 34  66.00
contig_21331:103700-104056.bam
66 37  56.00
contig_21360:607885-608288.bam
33 17  51.00
contig_21360:75843-76106.bam
69 48  69.00
contig_2136:246902-247406.bam
74 54  72.00
contig_21415:275570-276120.bam
38 28  73.00
contig_21428:1271-1511.bam
57 30  52.00
contig_21446:305361-305680.bam
74 48  64.00
contig_21458:599492-599977.bam
48 24  50.00
contig_21537:47977-48496.bam
50 29  58.00
contig_21560:1107780-1108180.bam
69 46  66.00
contig_21560:1173180-1173414.bam
95 56  58.00
contig_21560:1334687-1335291.bam
67 34  50.00
contig_21560:2164318-2164606.bam
47 29  61.00
contig_21560:2214630-2214898.bam
56 31  55.00
contig_21639:682628-682915.bam
56 31  55.00
contig_21831:78306-78448.bam
39 20  51.00
contig_21906:50689-50899.bam
65 33  50.00
contig_21958:947819-948032.bam
34 20  58.00
contig_21987:586957-587158.bam
57 35  61.00
contig_22035:263191-263423.bam
49 27  55.00
contig_22348:237281-237601.bam
66 39  59.00
contig_22348:305370-305816.bam
42 22  52.00
contig_22348:56850-57187.bam
108 69  63.00
contig_22348:57952-58637.bam
75 49  65.00
contig_22512:97815-98340.bam
31 17  54.00
contig_22853:401285-401781.bam
37 20  54.00
contig_22853:579576-579885.bam
36 18  50.00
contig_22853:965306-965487.bam
40 24  60.00
contig_22910:146964-147109.bam
47 26  55.00
contig_22924:161446-161870.bam
33 23  69.00
contig_23136:116163-116435.bam
30 15  50.00
contig_23142:26700-27009.bam
73 43  58.00
contig_23142:579426-579651.bam
38 27  71.00
contig_23228:52774-53078.bam
64 42  65.00
contig_23275:255677-255909.bam
52 27  51.00
contig_23443:784512-784924.bam
42 24  57.00
contig_23708:63781-63977.bam
76 42  55.00
contig_237:524653-524961.bam
54 29  53.00
contig_23905:288449-288601.bam
37 23  62.00
contig_23905:727345-727714.bam
39 21  53.00
contig_23970:4493-4943.bam
40 23  57.00
contig_23970:549733-550018.bam
68 48  70.00
contig_23975:484732-485353.bam
53 27  50.00
contig_24137:526401-526658.bam
64 37  57.00
contig_24137:725816-726080.bam
79 56  70.00
contig_24335:3994760-3995044.bam
61 40  65.00
contig_2444:405560-405865.bam
43 28  65.00
contig_24672:622641-622879.bam
41 23  56.00
contig_24726:105586-105831.bam
67 48  71.00
contig_24726:277026-277726.bam
73 45  61.00
contig_2472:615841-616231.bam
92 58  63.00
contig_2481:862273-863418.bam
78 48  61.00
contig_24902:13681-14141.bam
38 19  50.00
contig_24902:210634-210832.bam
50 38  76.00
contig_24902:65418-65651.bam
49 26  53.00
contig_2493:305024-305328.bam
78 51  65.00
contig_2493:370526-371402.bam
71 36  50.00
contig_2500:152922-153141.bam
36 20  55.00
contig_25057:158188-158291.bam
67 34  50.00
contig_2509:1146371-1146602.bam
62 35  56.00
contig_2509:2122165-2122550.bam
78 54  69.00
contig_2509:760596-761138.bam
74 43  58.00
contig_2509:768387-768738.bam
34 19  55.00
contig_2509:908010-908161.bam
51 27  52.00
contig_25294:1572800-1573036.bam
49 25  51.00
contig_25294:2416621-2416737.bam
54 28  51.00
contig_25294:3996248-3996649.bam
65 45  69.00
contig_25347:71394-71900.bam
34 19  55.00
contig_2535:608615-608856.bam
40 23  57.00
contig_25416:1105100-1105264.bam
38 23  60.00
contig_25515:125892-126080.bam
52 28  53.00
contig_25660:331990-332133.bam
72 47  65.00
contig_2566:158581-159270.bam
56 29  51.00
contig_2576:373685-373999.bam
56 36  64.00
contig_2576:785801-786188.bam
55 43  78.00
contig_25815:24096-24534.bam
50 27  54.00
contig_258:1315657-1316031.bam
34 22  64.00
contig_26028:212990-213269.bam
55 30  54.00
contig_26302:1605221-1605477.bam
50 25  50.00
contig_26302:1983478-1983849.bam
26 13  50.00
contig_2635:2770100-2770194.bam
69 38  55.00
contig_2635:2848021-2848386.bam
64 38  59.00
contig_26448:47181-47605.bam
37 20  54.00
contig_2646:291629-292071.bam
41 25  60.00
contig_26496:189518-189779.bam
31 17  54.00
contig_26584:383703-383809.bam
58 33  56.00
contig_26597:51286-51778.bam
52 26  50.00
contig_2702:120305-120943.bam
54 42  77.00
contig_270:93321-93529.bam
44 29  65.00
contig_2718:360031-360656.bam
48 27  56.00
contig_2718:539207-539484.bam
34 22  64.00
contig_2718:734559-734833.bam
42 22  52.00
contig_27220:1063559-1063848.bam
70 46  65.00
contig_27276:245805-246125.bam
47 27  57.00
contig_27363:271399-271506.bam
70 46  65.00
contig_2751:277291-277911.bam
61 37  60.00
contig_27710:163188-163485.bam
37 21  56.00
contig_27804:280276-280817.bam
70 39  55.00
contig_27832:531113-531608.bam
55 40  72.00
contig_2788:192936-193296.bam
71 44  61.00
contig_2788:441846-442244.bam
62 37  59.00
contig_2797:497839-498025.bam
65 41  63.00
contig_2800:2201-2746.bam
73 49  67.00
contig_2811:282337-283209.bam
98 76  77.00
contig_28160:314301-315545.bam
44 22  50.00
contig_2835:84473-84676.bam
41 21  51.00
contig_28361:55339-55520.bam
33 17  51.00
contig_28611:29261-29434.bam
63 39  61.00
contig_28639:163879-164256.bam
36 23  63.00
contig_28639:48548-49053.bam
44 25  56.00
contig_28639:587701-588006.bam
97 62  63.00
contig_29030:707871-708416.bam
46 25  54.00
contig_29030:921780-921994.bam
39 20  51.00
contig_29030:925159-925224.bam
70 47  67.00
contig_29173:1216510-1216746.bam
63 37  58.00
contig_29173:726554-727181.bam
41 21  51.00
contig_29173:874794-874939.bam
45 24  53.00
contig_29173:97170-97703.bam
44 23  52.00
contig_29182:10951-11141.bam
50 25  50.00
contig_29601:496851-497174.bam
43 23  53.00
contig_29768:76696-77075.bam
40 21  52.00
contig_29946:81149-81460.bam
48 29  60.00
contig_30005:525206-525463.bam
47 27  57.00
contig_30035:357457-357786.bam
61 38  62.00
contig_3007:410048-410458.bam
60 32  53.00
contig_3007:459008-459349.bam
39 25  64.00
contig_30173:124067-124531.bam
41 22  53.00
contig_30173:1713273-1713442.bam
51 28  54.00
contig_30173:1960971-1961469.bam
79 55  69.00
contig_30173:246199-246838.bam
76 60  78.00
contig_30173:395507-395871.bam
50 31  62.00
contig_30173:74426-74724.bam
60 43  71.00
contig_30553:276427-276849.bam
51 31  60.00
contig_30553:333674-333935.bam
55 31  56.00
contig_30560:197696-198354.bam
39 20  51.00
contig_3057:29134-29281.bam
35 19  54.00
contig_30915:406115-406518.bam
78 46  58.00
contig_31089:169567-170050.bam
53 30  56.00
contig_3116:1395778-1396127.bam
45 28  62.00
contig_311:424985-425171.bam
42 22  52.00
contig_31231:1373773-1374377.bam
37 21  56.00
contig_31280:333938-334183.bam
49 30  61.00
contig_312:1121458-1121738.bam
46 24  52.00
contig_312:1427764-1428007.bam
59 34  57.00
contig_312:3024327-3024734.bam
35 20  57.00
contig_31390:49794-50069.bam
40 21  52.00
contig_31424:166748-167048.bam
68 43  63.00
contig_31424:63705-64426.bam
59 32  54.00
contig_31463:520915-521247.bam
63 41  65.00
contig_314:87176-87618.bam
45 23  51.00
contig_317:329410-329679.bam
48 26  54.00
contig_31816:194818-195008.bam
51 26  50.00
contig_31816:83676-84160.bam
35 20  57.00
contig_31816:994774-995017.bam
50 29  58.00
contig_3212:242602-243305.bam
54 28  51.00
contig_3212:278450-278685.bam
51 26  50.00
contig_32131:473117-473309.bam
41 21  51.00
contig_3229:619512-619722.bam
35 18  51.00
contig_32476:399803-400072.bam
51 34  66.00
contig_3247:1561259-1561745.bam
50 26  52.00
contig_32579:242479-242994.bam
61 44  72.00
contig_32579:66846-67099.bam
53 30  56.00
contig_32616:34089-34222.bam
43 22  51.00
contig_32811:72247-72538.bam
41 24  58.00
contig_3292:518665-518848.bam
51 28  54.00
contig_33110:363380-363726.bam
69 47  68.00
contig_33110:603928-604370.bam
36 18  50.00
contig_33441:24978-25156.bam
43 26  60.00
contig_33539:351724-352048.bam
140 111  79.00
contig_33539:90566-92252.bam
28 15  53.00
contig_3378:110826-110880.bam
81 46  56.00
contig_33943:536395-536813.bam
45 24  53.00
contig_34212:151426-151633.bam
33 18  54.00
contig_34239:328168-328407.bam
38 26  68.00
contig_3437:4521376-4521719.bam
39 23  58.00
contig_34560:33057-33322.bam
43 26  60.00
contig_34613:51761-51900.bam
51 38  74.00
contig_34617:140772-141409.bam
47 24  51.00
contig_3465:2187823-2188185.bam
48 26  54.00
contig_3465:2350048-2350204.bam
75 47  62.00
contig_34730:726079-726370.bam
38 25  65.00
contig_34743:281840-282280.bam
49 30  61.00
contig_35069:211012-211245.bam
50 35  70.00
contig_3509:19159-19449.bam
70 44  62.00
contig_35166:66244-66759.bam
38 23  60.00
contig_35168:195395-196178.bam
41 21  51.00
contig_35168:73563-74031.bam
38 20  52.00
contig_35177:88040-88317.bam
37 24  64.00
contig_35455:177518-177644.bam
56 28  50.00
contig_3556:245886-246111.bam
70 45  64.00
contig_3556:963999-964539.bam
68 52  76.00
contig_35650:38196-39356.bam
64 40  62.00
contig_3565:161839-162015.bam
41 22  53.00
contig_3587:2334419-2334551.bam
68 51  75.00
contig_358:1505199-1505642.bam
84 54  64.00
contig_358:1875309-1875696.bam
56 28  50.00
contig_35:764070-764522.bam
47 35  74.00
contig_36175:295843-296111.bam
45 24  53.00
contig_36175:643893-644228.bam
52 27  51.00
contig_36175:757059-757230.bam
73 49  67.00
contig_36427:212769-213252.bam
40 21  52.00
contig_3650:1212550-1212713.bam
42 23  54.00
contig_3650:210319-210593.bam
63 33  52.00
contig_3650:584745-584841.bam
59 44  74.00
contig_36655:139660-140088.bam
77 50  64.00
contig_3675:23348-23727.bam
64 43  67.00
contig_3691:323582-324093.bam
39 21  53.00
contig_36982:457613-457790.bam
36 22  61.00
contig_37025:11396-11478.bam
45 28  62.00
contig_37025:156480-156985.bam
96 61  63.00
contig_3731:180836-181514.bam
46 27  58.00
contig_3731:302828-303048.bam
109 76  69.00
contig_374:456441-456894.bam
38 22  57.00
contig_374:481570-481795.bam
78 57  73.00
contig_374:90500-91100.bam
43 22  51.00
contig_37587:5700-5907.bam
48 26  54.00
contig_37599:153058-153634.bam
50 25  50.00
contig_3766:464732-465011.bam
68 53  77.00
contig_37905:5240-5770.bam
56 29  51.00
contig_38095:343782-344308.bam
47 25  53.00
contig_3811:2955916-2956141.bam
109 85  77.00
contig_3811:3725979-3727035.bam
47 24  51.00
contig_3811:3854178-3854428.bam
38 19  50.00
contig_3811:4081477-4081581.bam
65 41  63.00
contig_3811:5638702-5639056.bam
43 25  58.00
contig_38235:157664-158030.bam
58 33  56.00
contig_38239:146331-146716.bam
71 38  53.00
contig_38368:109740-110226.bam
57 30  52.00
contig_38454:431902-432066.bam
46 24  52.00
contig_3845:1027436-1027930.bam
34 17  50.00
contig_3845:157398-157712.bam
41 26  63.00
contig_384:1267326-1267566.bam
60 32  53.00
contig_3872:1562525-1562812.bam
37 19  51.00
contig_3898:970061-970292.bam
52 36  69.00
contig_39364:103893-104415.bam
38 21  55.00
contig_39364:104842-105081.bam
71 41  57.00
contig_3945:232268-232701.bam
19 11  57.00
contig_3945:745243-745516.bam
26 15  57.00
contig_39903:45982-46166.bam
63 32  50.00
contig_39972:282355-282561.bam
46 24  52.00
contig_3997:444529-444626.bam
69 48  69.00
contig_3997:444944-445146.bam
37 23  62.00
contig_3998:1325528-1325794.bam
37 19  51.00
contig_40045:2361-2431.bam
47 24  51.00
contig_4038:1781631-1781825.bam
37 21  56.00
contig_40509:30186-30434.bam
45 25  55.00
contig_4070:352015-352182.bam
54 34  62.00
contig_40772:124085-124357.bam
68 43  63.00
contig_4129:37743-38241.bam
56 31  55.00
contig_4145:1082770-1083251.bam
76 40  52.00
contig_41531:2035964-2036437.bam
41 22  53.00
contig_41531:2224402-2224637.bam
42 24  57.00
contig_41542:6919-7070.bam
87 53  60.00
contig_4154:327833-328925.bam
70 45  64.00
contig_4154:346380-346623.bam
26 17  65.00
contig_4154:649078-649296.bam
47 24  51.00
contig_41717:369164-369705.bam
43 26  60.00
contig_41717:371761-371910.bam
61 41  67.00
contig_41828:458317-458648.bam
49 26  53.00
contig_41846:113501-113881.bam
42 22  52.00
contig_41903:76821-76985.bam
68 44  64.00
contig_4199:1507521-1508005.bam
24 19  79.00
contig_42041:428991-429201.bam
90 49  54.00
contig_42099:115267-115936.bam
48 24  50.00
contig_42145:1085404-1085565.bam
46 27  58.00
contig_42294:9457-9675.bam
39 21  53.00
contig_4240:161780-162020.bam
69 39  56.00
contig_42457:119410-119870.bam
32 20  62.00
contig_4253:244299-244533.bam
56 32  57.00
contig_42645:21367-21688.bam
68 41  60.00
contig_42791:91003-91452.bam
59 34  57.00
contig_4280:402490-402721.bam
73 50  68.00
contig_4291:1864458-1865128.bam
27 14  51.00
contig_42922:178468-178824.bam
47 24  51.00
contig_42960:189919-190020.bam
61 36  59.00
contig_4307:487899-488135.bam
58 38  65.00
contig_43173:159863-160180.bam
39 21  53.00
contig_4325:31147-31555.bam
50 28  56.00
contig_43262:11512-11947.bam
34 21  61.00
contig_43343:107556-107862.bam
32 19  59.00
contig_4334:2626188-2626265.bam
59 33  55.00
contig_4334:3367315-3367489.bam
50 27  54.00
contig_4334:3435345-3435597.bam
44 23  52.00
contig_4343:531914-532358.bam
37 20  54.00
contig_436:23462-23660.bam
56 29  51.00
contig_436:72370-72634.bam
67 38  56.00
contig_43750:47863-48263.bam
41 21  51.00
contig_43804:15532-15653.bam
66 34  51.00
contig_4385:530147-530439.bam
54 27  50.00
contig_4391:1035718-1035907.bam
73 52  71.00
contig_43971:20077-20611.bam
56 29  51.00
contig_44168:16873-17285.bam
96 69  71.00
contig_44200:50265-51271.bam
51 28  54.00
contig_44259:19443-19682.bam
46 23  50.00
contig_44538:58988-59100.bam
107 69  64.00
contig_44592:57066-57617.bam
30 16  53.00
contig_44675:59862-60071.bam
60 38  63.00
contig_4474:56921-57445.bam
40 20  50.00
contig_4491:92319-92483.bam
41 25  60.00
contig_4501:86010-86217.bam
57 30  52.00
contig_4525:343405-343673.bam
55 30  54.00
contig_4525:71515-71816.bam
60 42  70.00
contig_4525:811916-812367.bam
56 32  57.00
contig_452:1538565-1538969.bam
44 24  54.00
contig_452:2352461-2352616.bam
58 40  68.00
contig_4581:133489-134081.bam
39 20  51.00
contig_462:1209424-1209742.bam
57 29  50.00
contig_462:1484703-1484834.bam
76 44  57.00
contig_4632:54382-54989.bam
41 23  56.00
contig_4644:2002547-2002930.bam
30 16  53.00
contig_4697:334373-334613.bam
71 48  67.00
contig_4697:382789-383012.bam
51 26  50.00
contig_4697:530535-530833.bam
28 17  60.00
contig_4697:53445-53971.bam
62 38  61.00
contig_4729:318484-319069.bam
57 35  61.00
contig_4729:349959-350426.bam
64 46  71.00
contig_474:50126-50748.bam
86 57  66.00
contig_474:581266-581900.bam
48 33  68.00
contig_4786:213744-214113.bam
36 21  58.00
contig_4786:37467-37935.bam
57 34  59.00
contig_4791:219570-219937.bam
43 23  53.00
contig_4801:284314-284421.bam
27 15  55.00
contig_4801:354253-354486.bam
57 35  61.00
contig_4801:87617-88099.bam
69 38  55.00
contig_4819:484203-484675.bam
45 28  62.00
contig_4825:252636-252857.bam
51 32  62.00
contig_4834:752226-752759.bam
47 26  55.00
contig_4841:172143-172333.bam
40 23  57.00
contig_4886:193526-193913.bam
31 18  58.00
contig_4886:416328-416667.bam
63 37  58.00
contig_489:128432-128811.bam
29 18  62.00
contig_489:226606-226822.bam
58 30  51.00
contig_4905:1850234-1850403.bam
37 20  54.00
contig_4905:3421074-3421301.bam
26 15  57.00
contig_4927:258664-258783.bam
65 44  67.00
contig_4927:500215-500851.bam
44 24  54.00
contig_4933:120103-120390.bam
41 21  51.00
contig_4933:122184-122387.bam
41 23  56.00
contig_4933:990641-991179.bam
46 28  60.00
contig_5012:646959-647064.bam
31 17  54.00
contig_5022:747267-747446.bam
76 43  56.00
contig_5028:475661-476138.bam
46 24  52.00
contig_5037:121283-121544.bam
49 27  55.00
contig_5037:182024-182495.bam
40 21  52.00
contig_5076:284502-284642.bam
41 22  53.00
contig_50:1731363-1731584.bam
61 34  55.00
contig_50:2028559-2028766.bam
41 21  51.00
contig_512:190642-191027.bam
27 16  59.00
contig_512:251209-251281.bam
67 46  68.00
contig_513:2352-2557.bam
41 24  58.00
contig_5250:658329-658532.bam
42 26  61.00
contig_5292:110273-110894.bam
33 18  54.00
contig_5292:111432-111576.bam
65 47  72.00
contig_5359:62241-62636.bam
45 26  57.00
contig_5393:1028631-1028977.bam
48 24  50.00
contig_5401:478578-478748.bam
63 46  73.00
contig_5523:2306312-2306804.bam
58 32  55.00
contig_5543:338630-338983.bam
91 55  60.00
contig_5543:551244-551865.bam
63 41  65.00
contig_5543:56835-57693.bam
43 25  58.00
contig_5574:31398-31520.bam
89 57  64.00
contig_558:2197144-2197338.bam
39 22  56.00
contig_5626:788134-788402.bam
46 27  58.00
contig_5640:322833-323248.bam
49 26  53.00
contig_5655:5718159-5718364.bam
67 40  59.00
contig_5711:227802-228110.bam
72 46  63.00
contig_5711:838441-838885.bam
48 25  52.00
contig_5720:3601822-3602055.bam
30 15  50.00
contig_5768:520453-520514.bam
53 29  54.00
contig_5768:61385-61991.bam
48 26  54.00
contig_5783:100393-100702.bam
64 40  62.00
contig_578:1389042-1389327.bam
57 35  61.00
contig_5821:505762-506205.bam
44 22  50.00
contig_5825:269624-270055.bam
67 41  61.00
contig_584:32309-32692.bam
48 24  50.00
contig_5900:344383-344686.bam
41 23  56.00
contig_5900:74572-75108.bam
73 47  64.00
contig_5913:565571-566104.bam
44 22  50.00
contig_6175:237803-238078.bam
57 37  64.00
contig_6255:2984333-2984563.bam
60 30  50.00
contig_6255:3573435-3573899.bam
28 14  50.00
contig_626:2322120-2322458.bam
39 20  51.00
contig_626:2657459-2657752.bam
45 23  51.00
contig_6272:123181-123517.bam
70 42  60.00
contig_6291:55337-55794.bam
58 42  72.00
contig_6313:833401-833641.bam
55 30  54.00
contig_631:533184-533339.bam
44 30  68.00
contig_6358:441023-441318.bam
48 28  58.00
contig_6365:235120-235478.bam
53 35  66.00
contig_6365:321174-321570.bam
58 34  58.00
contig_6379:101311-101465.bam
69 45  65.00
contig_643:1371780-1372253.bam
42 22  52.00
contig_643:1439606-1439812.bam
63 44  69.00
contig_643:904763-905193.bam
64 41  64.00
contig_6495:1572330-1572617.bam
60 30  50.00
contig_6526:327433-327687.bam
58 31  53.00
contig_6557:603985-604309.bam
38 23  60.00
contig_664:179160-179375.bam
79 49  62.00
contig_6762:66854-67316.bam
67 50  74.00
contig_679:512393-512744.bam
26 13  50.00
contig_6827:408135-408283.bam
38 19  50.00
contig_6849:38926-39139.bam
70 51  72.00
contig_700:33542-34003.bam
53 34  64.00
contig_7131:162223-162449.bam
43 23  53.00
contig_7131:231276-231922.bam
50 25  50.00
contig_7210:1550779-1551401.bam
64 48  75.00
contig_7210:1569733-1570420.bam
49 27  55.00
contig_7276:1577038-1577386.bam
44 26  59.00
contig_7276:862490-862617.bam
49 27  55.00
contig_733:1003803-1004597.bam
36 20  55.00
contig_738:1179994-1180171.bam
43 28  65.00
contig_7424:310518-310732.bam
47 29  61.00
contig_7424:342010-342418.bam
54 29  53.00
contig_7484:544014-544350.bam
64 34  53.00
contig_753:614449-614951.bam
66 34  51.00
contig_7551:735278-735797.bam
29 15  51.00
contig_757:1597222-1597425.bam
43 26  60.00
contig_757:302273-302647.bam
57 32  56.00
contig_757:831215-831522.bam
48 25  52.00
contig_7752:230468-230906.bam
51 29  56.00
contig_7752:39491-39919.bam
50 30  60.00
contig_7755:759955-760184.bam
67 40  59.00
contig_775:2897968-2898597.bam
54 28  51.00
contig_7817:1966402-1966618.bam
41 23  56.00
contig_7817:2305084-2305307.bam
42 26  61.00
contig_7859:328763-329180.bam
70 49  70.00
contig_7859:418156-418410.bam
60 36  60.00
contig_7913:1155323-1155663.bam
86 51  59.00
contig_7918:302663-302959.bam
40 23  57.00
contig_791:34818-35006.bam
63 39  61.00
contig_7953:220171-220394.bam
42 29  69.00
contig_7998:226209-226499.bam
62 43  69.00
contig_7998:680936-681188.bam
47 28  59.00
contig_806:173892-174021.bam
52 29  55.00
contig_8095:150110-150205.bam
57 32  56.00
contig_8095:927629-927924.bam
50 33  66.00
contig_8108:961556-961766.bam
40 25  62.00
contig_8140:1363283-1363666.bam
28 16  57.00
contig_8187:77580-77807.bam
43 22  51.00
contig_8192:289889-289968.bam
42 21  50.00
contig_8200:868036-868303.bam
84 49  58.00
contig_8218:65657-66030.bam
49 26  53.00
contig_8320:48148-48598.bam
34 21  61.00
contig_8395:2288678-2288948.bam
95 64  67.00
contig_842:397707-398020.bam
55 43  78.00
contig_851:27485-27701.bam
82 46  56.00
contig_8601:136467-136804.bam
53 33  62.00
contig_8612:1098473-1098829.bam
71 38  53.00
contig_8612:1451873-1452242.bam
46 24  52.00
contig_8612:2766947-2767318.bam
43 28  65.00
contig_8612:806771-807427.bam
88 64  72.00
contig_8631:1656112-1656670.bam
53 30  56.00
contig_8631:1844976-1845099.bam
48 25  52.00
contig_8680:648041-648438.bam
42 25  59.00
contig_8738:70162-70416.bam
41 21  51.00
contig_8745:137819-137946.bam
20 14  70.00
contig_8851:423351-423414.bam
39 26  66.00
contig_8851:427069-427616.bam
62 39  62.00
contig_8912:502857-503245.bam
42 21  50.00
contig_8912:543990-544150.bam
55 28  50.00
contig_8968:179481-179863.bam
54 36  66.00
contig_8968:433640-433994.bam
40 21  52.00
contig_8983:143851-144348.bam
83 42  50.00
contig_8983:155875-156531.bam
63 33  52.00
contig_8983:591470-591672.bam
58 35  60.00
contig_9012:18676-18906.bam
49 29  59.00
contig_9117:56317-56787.bam
47 24  51.00
contig_9143:1883368-1883804.bam
89 61  68.00
contig_9162:1456517-1456825.bam
39 21  53.00
contig_9294:496098-496301.bam
67 36  53.00
contig_9328:420960-421429.bam
54 30  55.00
contig_9398:146359-146479.bam
56 31  55.00
contig_9406:1690581-1690802.bam
55 31  56.00
contig_9412:154647-154856.bam
60 32  53.00
contig_9469:1388273-1388462.bam
47 25  53.00
contig_9511:527060-527435.bam
52 35  67.00
contig_957:1259290-1259690.bam
32 17  53.00
contig_957:1492772-1492969.bam
44 22  50.00
contig_957:2734737-2735149.bam
55 33  60.00
contig_957:3138893-3139140.bam
52 30  57.00
contig_9603:1498614-1498789.bam
72 36  50.00
contig_9603:2679209-2679692.bam
67 35  52.00
contig_9603:2877764-2878145.bam
51 26  50.00
contig_9637:359780-360049.bam
95 76  80.00
contig_9756:1174531-1175093.bam
28 14  50.00
contig_9756:1221040-1221293.bam
72 51  70.00
contig_9756:247937-248373.bam
51 38  74.00
contig_9756:824409-824848.bam
66 50  75.00
contig_9776:38178-38525.bam
64 34  53.00
contig_9792:834702-835105.bam
51 28  54.00
contig_9797:458409-459035.bam
42 21  50.00
contig_9868:542211-542492.bam
