802 171  21.00
contig_10014:1099530-1099675.bam
1617 352  21.00
contig_10014:254765-254934.bam
1264 630  49.00
contig_1003:2927-3148.bam
3637 1197  32.00
contig_10040:256732-256963.bam
490 104  21.00
contig_10101:136325-136451.bam
1920 159  8.00
contig_10162:539486-539637.bam
1385 81  5.00
contig_10174:753933-754173.bam
3998 489  12.00
contig_10174:824406-824649.bam
4281 653  15.00
contig_10190:25455-25718.bam
2731 396  14.00
contig_10222:856242-856369.bam
2163 765  35.00
contig_10286:2900952-2901225.bam
448 188  41.00
contig_10286:469774-469999.bam
235 18  7.00
contig_10304:502506-502556.bam
3599 665  18.00
contig_10313:307365-307525.bam
5290 1351  25.00
contig_10431:187209-187583.bam
4619 1615  34.00
contig_10523:144039-144326.bam
3889 621  15.00
contig_10541:351256-351356.bam
2502 241  9.00
contig_10541:540418-540539.bam
456 215  47.00
contig_10613:502211-502346.bam
6009 747  12.00
contig_10613:541644-541914.bam
5383 130  2.00
contig_1067:1475640-1475836.bam
3630 327  9.00
contig_1067:858056-858211.bam
4409 952  21.00
contig_10776:20037-20372.bam
1119 204  18.00
contig_10795:104110-104237.bam
1581 216  13.00
contig_10874:13386-13552.bam
3840 586  15.00
contig_10932:424473-424662.bam
3105 643  20.00
contig_1098:317655-317866.bam
442 177  40.00
contig_10997:775552-775711.bam
502 250  49.00
contig_11041:672836-672932.bam
5775 471  8.00
contig_1105:62704-62936.bam
5234 1629  31.00
contig_11063:55081-55525.bam
111 21  18.00
contig_11120:504973-505185.bam
179 28  15.00
contig_11159:1692847-1692934.bam
1074 19  1.00
contig_11159:823396-823489.bam
440 67  15.00
contig_11159:901761-901829.bam
6014 310  5.00
contig_11177:37997-38165.bam
5474 811  14.00
contig_11183:58381-58595.bam
261 10  3.00
contig_11208:1931-2044.bam
3813 316  8.00
contig_11251:178174-178369.bam
4370 706  16.00
contig_11287:60446-60660.bam
3610 451  12.00
contig_11318:74315-74537.bam
6114 771  12.00
contig_11436:379271-379425.bam
121 38  31.00
contig_1143:162013-162222.bam
4145 980  23.00
contig_11454:34588-34881.bam
695 141  20.00
contig_11495:132032-132104.bam
922 64  6.00
contig_1154:524145-524200.bam
4639 619  13.00
contig_11556:253002-253216.bam
4888 1467  30.00
contig_11556:789261-789646.bam
200 19  9.00
contig_11612:1050716-1050766.bam
744 362  48.00
contig_11635:125937-126151.bam
4160 949  22.00
contig_11687:64248-64584.bam
6097 2113  34.00
contig_11798:53532-53873.bam
4481 825  18.00
contig_11806:498811-499201.bam
264 91  34.00
contig_11919:511073-511252.bam
206 27  13.00
contig_12005:159756-159824.bam
5128 1471  28.00
contig_12005:658030-658183.bam
141 62  43.00
contig_12005:95121-95293.bam
5155 712  13.00
contig_12025:47278-47512.bam
141 58  41.00
contig_12068:616057-616205.bam
1908 130  6.00
contig_12113:452771-452906.bam
5545 398  7.00
contig_12340:117816-118030.bam
3882 839  21.00
contig_12340:1300713-1301053.bam
191 91  47.00
contig_12340:1365904-1366082.bam
4226 884  20.00
contig_12340:232081-232417.bam
806 234  29.00
contig_12340:738383-738546.bam
5485 1195  21.00
contig_12561:113731-113968.bam
6039 941  15.00
contig_12593:1091544-1091765.bam
4081 369  9.00
contig_12688:15134-15427.bam
1106 276  24.00
contig_12703:717139-717329.bam
4298 621  14.00
contig_12723:1059371-1059449.bam
4051 440  10.00
contig_12723:893651-893927.bam
2927 525  17.00
contig_12750:97811-98022.bam
5836 1186  20.00
contig_12801_part1:451356-451583.bam
3948 548  13.00
contig_12801_part1:82630-83049.bam
7709 2913  37.00
contig_12883:124657-125051.bam
183 27  14.00
contig_12903:288649-288719.bam
4716 1767  37.00
contig_12969:170844-171162.bam
4156 625  15.00
contig_13032:72926-73261.bam
657 162  24.00
contig_13067:274337-274446.bam
6795 2260  33.00
contig_13071:297090-297792.bam
3620 1062  29.00
contig_13187:238436-238823.bam
5050 872  17.00
contig_13315:26400-26737.bam
5799 1165  20.00
contig_13315:43698-43966.bam
4778 260  5.00
contig_13367:188418-188499.bam
1889 194  10.00
contig_13505:389043-389173.bam
199 3  1.00
contig_13607:24613-24851.bam
5972 653  10.00
contig_13680:278662-278866.bam
5356 1338  24.00
contig_13712:538961-539319.bam
376 48  12.00
contig_13784:34915-34991.bam
770 210  27.00
contig_1389:531811-532002.bam
5130 212  4.00
contig_13900:574298-574521.bam
5069 261  5.00
contig_13913:164826-164979.bam
333 46  13.00
contig_13913:89552-89615.bam
4287 1027  23.00
contig_1398:289855-290156.bam
6199 710  11.00
contig_14000:229065-229310.bam
311 10  3.00
contig_14000:820122-820195.bam
547 234  42.00
contig_1416:72918-73085.bam
1053 353  33.00
contig_14273:1143301-1143408.bam
2263 43  1.00
contig_14273:2630535-2630611.bam
478 186  38.00
contig_14273:628571-628745.bam
1910 708  37.00
contig_14291:40223-40411.bam
2467 96  3.00
contig_14295:39762-39839.bam
134 43  32.00
contig_14340:255458-255645.bam
6282 704  11.00
contig_1434:1465-1721.bam
5566 1488  26.00
contig_14484:501433-501799.bam
4918 398  8.00
contig_14484:786594-786791.bam
234 18  7.00
contig_1448:1068866-1068919.bam
3028 411  13.00
contig_14520:427470-427692.bam
450 28  6.00
contig_14692:707895-707980.bam
4824 531  11.00
contig_14692:742621-742883.bam
6247 438  7.00
contig_1474:1164345-1164624.bam
2643 89  3.00
contig_14795:873027-873079.bam
4649 1812  38.00
contig_14824:168862-169398.bam
6622 1696  25.00
contig_14916:106846-107062.bam
117 9  7.00
contig_14934:73398-73521.bam
4483 622  13.00
contig_15045:219390-219575.bam
411 32  7.00
contig_15093:314482-314535.bam
164 79  48.00
contig_15134:48121-48263.bam
3816 571  14.00
contig_1514:803293-803409.bam
144 19  13.00
contig_15253:3179406-3179477.bam
650 216  33.00
contig_15327:66159-66440.bam
1557 208  13.00
contig_15332:666802-666976.bam
401 126  31.00
contig_15460:254700-254834.bam
3989 825  20.00
contig_1546:1465799-1466065.bam
4218 1492  35.00
contig_1546:801633-802109.bam
6069 1095  18.00
contig_15476:74219-74397.bam
489 210  42.00
contig_1550:230056-230206.bam
3065 145  4.00
contig_15538:23538-23644.bam
5236 634  12.00
contig_15789:78058-78190.bam
4188 447  10.00
contig_15819:223767-224089.bam
4016 803  19.00
contig_15823:373117-373287.bam
5494 521  9.00
contig_15836:421440-421665.bam
5627 554  9.00
contig_1589:160001-160314.bam
4762 128  2.00
contig_1589:1657001-1657087.bam
4591 951  20.00
contig_1589:2205963-2206317.bam
1475 269  18.00
contig_1589:239349-239473.bam
5408 792  14.00
contig_1589:2611438-2611655.bam
4832 1230  25.00
contig_15922:196655-197079.bam
2169 474  21.00
contig_15978:881166-881396.bam
4762 1292  27.00
contig_16045:170689-171213.bam
3440 316  9.00
contig_16232:1203316-1203404.bam
6321 502  7.00
contig_16244:117930-118137.bam
267 37  13.00
contig_16244:336087-336165.bam
854 371  43.00
contig_16470:75696-75863.bam
5307 518  9.00
contig_16491:151997-152117.bam
233 114  48.00
contig_16521:46510-46768.bam
966 214  22.00
contig_1652:1290601-1290847.bam
3631 187  5.00
contig_1652:1449059-1449272.bam
3890 747  19.00
contig_1652:882152-882352.bam
885 60  6.00
contig_16613:229547-229695.bam
5554 812  14.00
contig_16671:313595-313959.bam
3774 1018  26.00
contig_16671:472936-473287.bam
5747 2193  38.00
contig_16762:90515-91087.bam
5914 1258  21.00
contig_16804:285412-285679.bam
2284 715  31.00
contig_1681:1523623-1523934.bam
107 9  8.00
contig_1681:1607893-1607943.bam
903 339  37.00
contig_16827:316070-316270.bam
620 180  29.00
contig_1684:107144-107322.bam
365 153  41.00
contig_16861:814285-814400.bam
6353 1221  19.00
contig_16972:216069-216432.bam
4396 458  10.00
contig_16972:7354-7513.bam
4616 50  1.00
contig_17030:365403-365564.bam
4172 422  10.00
contig_17030:93365-93466.bam
5182 489  9.00
contig_17065:504329-504534.bam
5269 746  14.00
contig_17081:103382-103716.bam
429 190  44.00
contig_17191:339380-339521.bam
1571 555  35.00
contig_17205:191325-191614.bam
1012 483  47.00
contig_17205:229600-229740.bam
201 70  34.00
contig_17295:318867-318959.bam
314 109  34.00
contig_17295:416450-416593.bam
4137 740  17.00
contig_172:595710-595895.bam
1742 425  24.00
contig_17337:626440-626616.bam
554 140  25.00
contig_17369:992824-992919.bam
101 38  37.00
contig_17438:53766-53914.bam
3617 1275  35.00
contig_1751:513130-513519.bam
4229 102  2.00
contig_17545:155820-155933.bam
4924 1066  21.00
contig_17545:177817-178129.bam
5429 910  16.00
contig_17553:470596-470836.bam
453 9  1.00
contig_17557:160248-160303.bam
5847 1134  19.00
contig_1759:445524-445817.bam
5505 241  4.00
contig_1762:2561352-2561524.bam
391 69  17.00
contig_1762:3008324-3008410.bam
470 88  18.00
contig_17648:128812-128906.bam
148 33  22.00
contig_17662:442885-442955.bam
4677 1250  26.00
contig_17709:397076-397477.bam
394 182  46.00
contig_17768:68944-69125.bam
111 5  4.00
contig_17847:66901-66976.bam
5030 1219  24.00
contig_17904:45634-45913.bam
836 121  14.00
contig_17911:563407-563471.bam
1562 608  38.00
contig_17972:263702-263897.bam
275 83  30.00
contig_18052:154277-154409.bam
5136 1926  37.00
contig_18089:86565-86898.bam
483 29  6.00
contig_18106:267068-267245.bam
5510 1051  19.00
contig_18231:345868-346163.bam
1937 52  2.00
contig_18247:15514-15584.bam
5587 1103  19.00
contig_18295:2167-2339.bam
1628 49  3.00
contig_18336:1159423-1159564.bam
597 106  17.00
contig_18398:140232-140324.bam
3327 561  16.00
contig_18485:47521-47749.bam
2944 584  19.00
contig_18782:51352-51525.bam
5684 851  14.00
contig_18850:13452-13692.bam
1169 446  38.00
contig_18865:9672-9889.bam
2471 463  18.00
contig_1886:102135-102366.bam
4888 624  12.00
contig_18890:1734273-1734518.bam
729 306  41.00
contig_18890:2215721-2215849.bam
213 66  30.00
contig_18983:127219-127368.bam
1149 89  7.00
contig_19010:75605-75714.bam
5946 847  14.00
contig_19010:798232-798376.bam
1679 595  35.00
contig_19203:610467-610652.bam
1537 166  10.00
contig_19217:1183052-1183178.bam
464 11  2.00
contig_19217:752865-753034.bam
5902 742  12.00
contig_1939:1515224-1515470.bam
253 51  20.00
contig_19438:257337-257412.bam
5973 1142  19.00
contig_1948:935845-936330.bam
1036 84  8.00
contig_19509:466890-466948.bam
494 14  2.00
contig_19539:114257-114344.bam
5188 544  10.00
contig_19539:3506-3787.bam
3406 504  14.00
contig_19602:54875-55068.bam
1604 404  25.00
contig_19690:366740-366947.bam
6428 1006  15.00
contig_19944:95239-95578.bam
1680 221  13.00
contig_20003:85747-85892.bam
3294 647  19.00
contig_20028:280089-280248.bam
3633 148  4.00
contig_20070:235863-236178.bam
5738 373  6.00
contig_20077:88988-89128.bam
465 74  15.00
contig_20123:842066-842208.bam
497 37  7.00
contig_20126:1007198-1007307.bam
3126 371  11.00
contig_20126:1009599-1009863.bam
3403 995  29.00
contig_20126:1064120-1064457.bam
1543 358  23.00
contig_20200:1170811-1170956.bam
6581 1358  20.00
contig_20200:1205156-1205484.bam
5179 577  11.00
contig_20200:806429-806686.bam
3723 632  16.00
contig_20252:176255-176483.bam
504 170  33.00
contig_20424:535454-535556.bam
451 82  18.00
contig_20466:1313159-1313248.bam
1110 86  7.00
contig_20466:346220-346393.bam
955 26  2.00
contig_20596:55-128.bam
226 79  34.00
contig_20654:201230-201306.bam
136 5  3.00
contig_20718:9978-10057.bam
6511 1034  15.00
contig_20735:400264-400639.bam
2881 193  6.00
contig_20738:113544-113658.bam
5544 879  15.00
contig_20747:280905-281093.bam
150 3  2.00
contig_20789:247287-247367.bam
206 34  16.00
contig_20791:110799-110989.bam
4189 678  16.00
contig_20984:1496242-1496434.bam
5881 532  9.00
contig_21002:574193-574460.bam
136 22  16.00
contig_21007:173224-173412.bam
3744 390  10.00
contig_21057:178530-178719.bam
765 18  2.00
contig_2108:295072-295240.bam
4999 488  9.00
contig_21113:84280-84483.bam
5927 799  13.00
contig_21167:735828-736130.bam
3343 769  23.00
contig_21167:845467-845732.bam
3989 1492  37.00
contig_21177:42251-42637.bam
4383 525  11.00
contig_2120:1142736-1142973.bam
1890 305  16.00
contig_21235:208880-209207.bam
154 42  27.00
contig_21235:52750-52933.bam
2328 386  16.00
contig_2125:335285-335497.bam
6455 855  13.00
contig_21316:280293-280507.bam
108 27  25.00
contig_21330:401171-401261.bam
391 184  47.00
contig_2138:3782364-3782564.bam
6041 326  5.00
contig_2143:825936-826059.bam
157 12  7.00
contig_21469:290994-291135.bam
2642 93  3.00
contig_21469:863239-863299.bam
172 24  13.00
contig_21595:69537-69626.bam
717 71  9.00
contig_21800:1030310-1030405.bam
6600 525  7.00
contig_21890:348183-348348.bam
4368 588  13.00
contig_21950:208647-208873.bam
4771 614  12.00
contig_21950:723402-723661.bam
135 30  22.00
contig_21955:115544-115716.bam
266 120  45.00
contig_21955:40945-41018.bam
1171 258  22.00
contig_22282:1116041-1116248.bam
4589 699  15.00
contig_22335:267295-267475.bam
4185 620  14.00
contig_22335:350768-350998.bam
246 79  32.00
contig_2237_part2:313947-314057.bam
1982 315  15.00
contig_2237_part2:3143613-3143731.bam
4259 750  17.00
contig_2237_part2:388816-389076.bam
6869 1015  14.00
contig_22380:15723-15928.bam
3576 265  7.00
contig_22426:131462-131581.bam
148 54  36.00
contig_22476:64404-64469.bam
5499 596  10.00
contig_22490:31759-32022.bam
949 456  48.00
contig_22595:168563-168824.bam
3152 615  19.00
contig_22595:281941-282247.bam
882 275  31.00
contig_2259:105358-105508.bam
1368 233  17.00
contig_22625:94446-94610.bam
6316 2455  38.00
contig_2265:1485218-1485537.bam
4357 668  15.00
contig_22690:20171-20307.bam
2043 544  26.00
contig_22709:41487-41632.bam
3359 816  24.00
contig_22764:229914-230158.bam
1295 260  20.00
contig_22778:1069533-1069606.bam
437 88  20.00
contig_22807:258948-259048.bam
5572 490  8.00
contig_22907:23322-23517.bam
4227 1098  25.00
contig_22907:53227-53498.bam
837 349  41.00
contig_22951:53909-54197.bam
819 69  8.00
contig_22951:54422-54543.bam
4917 1049  21.00
contig_23043:640587-640845.bam
446 88  19.00
contig_23074:167846-167955.bam
5261 418  7.00
contig_23091:70933-71070.bam
314 66  21.00
contig_23102:318498-318570.bam
4819 297  6.00
contig_23146:117983-118220.bam
761 239  31.00
contig_23210:468494-468649.bam
5405 966  17.00
contig_23210:520776-520983.bam
5419 1155  21.00
contig_23347:195518-195780.bam
4077 495  12.00
contig_23347:20592-20715.bam
2951 710  24.00
contig_23411:85641-85905.bam
3810 471  12.00
contig_23437:23380-23653.bam
3007 319  10.00
contig_23449:30025-30149.bam
349 109  31.00
contig_23496:739577-739679.bam
2848 155  5.00
contig_23514:492241-492313.bam
3327 423  12.00
contig_23883:43144-43283.bam
4454 560  12.00
contig_23939:314708-314939.bam
4560 1549  33.00
contig_2394:104830-105170.bam
4537 542  11.00
contig_2394:421932-422142.bam
4390 757  17.00
contig_2394:613430-613611.bam
4932 2107  42.00
contig_23955:14562-15343.bam
5519 873  15.00
contig_2396:88627-88808.bam
5164 379  7.00
contig_23989:509220-509308.bam
4777 921  19.00
contig_24002:413162-413425.bam
4451 453  10.00
contig_24002:417016-417273.bam
3579 233  6.00
contig_2400:114284-114343.bam
6913 1620  23.00
contig_2407:33335-33567.bam
5260 726  13.00
contig_2407:361915-362143.bam
2729 765  28.00
contig_24100:136445-136653.bam
3870 412  10.00
contig_24163:171975-172155.bam
3438 427  12.00
contig_24163:250364-250624.bam
1527 257  16.00
contig_24179:183399-183533.bam
5336 994  18.00
contig_24179:647337-647756.bam
1742 156  8.00
contig_24179:791759-791862.bam
1216 285  23.00
contig_24179:884394-884534.bam
5805 160  2.00
contig_24326:1610212-1610337.bam
739 252  34.00
contig_2442:203337-203494.bam
1552 407  26.00
contig_24459:156060-156290.bam
6298 393  6.00
contig_24462:659-790.bam
146 4  2.00
contig_24469:141731-141789.bam
206 100  48.00
contig_24471:4375-4529.bam
5102 878  17.00
contig_24838:160576-160902.bam
5836 147  2.00
contig_24878:589407-589574.bam
6404 2031  31.00
contig_24943:1036380-1036632.bam
338 11  3.00
contig_2498:24100-24166.bam
5396 1400  25.00
contig_25063:600104-600307.bam
1451 310  21.00
contig_25063:73559-73652.bam
4276 887  20.00
contig_25096:455869-456132.bam
5019 980  19.00
contig_25105:122730-123029.bam
5451 1197  21.00
contig_25148:51429-51695.bam
3448 506  14.00
contig_25195:379982-380161.bam
3752 1290  34.00
contig_2523:8434525-8434762.bam
2735 724  26.00
contig_25240:341523-341796.bam
202 74  36.00
contig_25268:317368-317487.bam
4932 1310  26.00
contig_2547:1049046-1049272.bam
2757 506  18.00
contig_2547:715042-715311.bam
359 107  29.00
contig_2549:86237-86326.bam
3873 56  1.00
contig_25562:172959-173085.bam
261 31  11.00
contig_25616:53116-53292.bam
4064 487  11.00
contig_25618:67285-67377.bam
1603 640  39.00
contig_25650:183476-183695.bam
5360 1110  20.00
contig_25650:74954-75204.bam
134 19  14.00
contig_25665:541868-541980.bam
1300 200  15.00
contig_25713:101693-101786.bam
4357 718  16.00
contig_25843:73714-73982.bam
3698 576  15.00
contig_25845:40899-41065.bam
1205 246  20.00
contig_2585:290715-290916.bam
3702 402  10.00
contig_26135:58231-58412.bam
1315 177  13.00
contig_26426:270142-270215.bam
4813 1346  27.00
contig_26426:320504-320791.bam
3473 562  16.00
contig_26475:395884-396100.bam
6777 760  11.00
contig_26525:829-1030.bam
531 193  36.00
contig_2674:420725-420808.bam
1286 577  44.00
contig_26883:235779-235992.bam
4038 237  5.00
contig_2693:8042-8171.bam
3680 63  1.00
contig_2705:472559-472672.bam
5757 364  6.00
contig_27176:102357-102458.bam
6059 709  11.00
contig_27315:73690-73888.bam
5644 925  16.00
contig_27411:77232-77381.bam
5737 582  10.00
contig_27430:33973-34175.bam
4217 485  11.00
contig_27734:22948-23162.bam
5581 767  13.00
contig_27872:37719-37953.bam
4236 128  3.00
contig_27874:1539035-1539243.bam
233 44  18.00
contig_2791:28904-29032.bam
4282 990  23.00
contig_27950:487590-487975.bam
3504 517  14.00
contig_2807:969013-969229.bam
577 103  17.00
contig_28233:131524-131697.bam
292 37  12.00
contig_28251:118905-118965.bam
282 79  28.00
contig_28251:264801-264876.bam
5997 905  15.00
contig_28251:351898-352107.bam
155 69  44.00
contig_28257:369788-369873.bam
139 43  30.00
contig_28280:86102-86277.bam
7210 2725  37.00
contig_28411:834327-834964.bam
6119 1157  18.00
contig_28447:471938-472302.bam
6429 756  11.00
contig_28513:46804-47029.bam
273 96  35.00
contig_285:458513-458576.bam
5563 498  8.00
contig_28709:134365-134551.bam
700 253  36.00
contig_28783:146667-146866.bam
4768 1461  30.00
contig_28783:72068-72505.bam
6206 888  14.00
contig_28894:103279-103534.bam
307 89  28.00
contig_28894:99179-99234.bam
5974 1051  17.00
contig_29282:770356-770719.bam
3131 434  13.00
contig_29295:75417-75564.bam
3301 945  28.00
contig_29335:533255-533567.bam
757 84  11.00
contig_29386:130382-130468.bam
4045 1076  26.00
contig_29409:447322-447603.bam
3945 383  9.00
contig_29409:552088-552292.bam
4061 1080  26.00
contig_29470:74880-75084.bam
4413 252  5.00
contig_29633:19441-19508.bam
5291 1716  32.00
contig_29633:209759-209981.bam
3674 358  9.00
contig_29633:81590-81663.bam
476 236  49.00
contig_29655:226308-226528.bam
663 220  33.00
contig_29756:124822-124974.bam
6116 652  10.00
contig_29847:128625-128876.bam
4112 361  8.00
contig_29876:59074-59373.bam
7095 1814  25.00
contig_30093:57405-57989.bam
5992 214  3.00
contig_30110:109550-109748.bam
4292 573  13.00
contig_30113:139052-139284.bam
362 129  35.00
contig_30125:20411-20501.bam
4009 908  22.00
contig_30349:110424-110687.bam
3752 489  13.00
contig_30349:110983-111264.bam
5546 613  11.00
contig_30409:64629-64759.bam
110 30  27.00
contig_30490:18955-19041.bam
963 329  34.00
contig_30701:43745-43887.bam
5731 490  8.00
contig_3078:846910-847248.bam
4528 1185  26.00
contig_30849:44490-44551.bam
4499 414  9.00
contig_30874:51217-51451.bam
3842 650  16.00
contig_30885:219447-219601.bam
798 122  15.00
contig_30885:314058-314126.bam
953 224  23.00
contig_30928:19491-19610.bam
4670 1252  26.00
contig_3149:1044225-1044794.bam
4111 976  23.00
contig_3149:2438629-2438865.bam
5527 1197  21.00
contig_31838:75020-75198.bam
146 2  1.00
contig_31894:106956-107034.bam
4751 1207  25.00
contig_318:221296-221727.bam
6278 1542  24.00
contig_32064:332317-332532.bam
4657 961  20.00
contig_32069:17889-18217.bam
2666 762  28.00
contig_32158:67649-67794.bam
527 180  34.00
contig_32166:1486199-1486340.bam
196 40  20.00
contig_32247:146164-146273.bam
4512 1239  27.00
contig_32545:25195-25405.bam
3761 842  22.00
contig_32573:50753-50949.bam
211 72  34.00
contig_32602:237900-238002.bam
149 19  12.00
contig_32646:42657-42727.bam
108 49  45.00
contig_3269:122339-122507.bam
6139 2273  37.00
contig_3269:306517-306727.bam
4292 720  16.00
contig_32864:175297-175694.bam
179 52  29.00
contig_32915:95157-95293.bam
202 81  40.00
contig_32940:171777-171836.bam
6330 876  13.00
contig_32969:172178-172528.bam
5399 197  3.00
contig_3307:300931-301022.bam
5287 1257  23.00
contig_33131:1948875-1949143.bam
456 92  20.00
contig_33151:104157-104233.bam
4481 840  18.00
contig_33151:185720-186095.bam
4598 1176  25.00
contig_33171:1008048-1008500.bam
6042 1489  24.00
contig_33171:546248-546511.bam
6658 1096  16.00
contig_33171:95053-95461.bam
1333 505  37.00
contig_33615:1253701-1253961.bam
6019 718  11.00
contig_33653:41870-42141.bam
5327 323  6.00
contig_33669:62684-62811.bam
5475 390  7.00
contig_33721:103636-103840.bam
2238 225  10.00
contig_3372:215585-215741.bam
168 8  4.00
contig_3386:128644-128754.bam
4996 960  19.00
contig_3386:354058-354361.bam
831 394  47.00
contig_3386:818702-818986.bam
5494 622  11.00
contig_3402:96105-96426.bam
6222 804  12.00
contig_34228:162566-162815.bam
240 30  12.00
contig_34255:1962-2047.bam
4713 921  19.00
contig_34274:10558-10835.bam
1251 474  37.00
contig_34274:653801-653998.bam
2158 417  19.00
contig_3427:510182-510347.bam
4699 1232  26.00
contig_3439:1018963-1019224.bam
163 75  46.00
contig_34432:87473-87539.bam
165 10  6.00
contig_3463:1133358-1133490.bam
5460 950  17.00
contig_34716:126505-126683.bam
1550 574  37.00
contig_34905:54113-54408.bam
4339 505  11.00
contig_34943:263083-263284.bam
1693 481  28.00
contig_35155:192564-192757.bam
2768 349  12.00
contig_35512:137093-137296.bam
2027 65  3.00
contig_35664:82534-82992.bam
2058 51  2.00
contig_35664:83223-83675.bam
4866 633  13.00
contig_35800:76070-76269.bam
5277 950  18.00
contig_3580:122823-123051.bam
5951 658  11.00
contig_35980:210810-211103.bam
4891 158  3.00
contig_36167:109211-109298.bam
4322 1045  24.00
contig_3620:482678-483037.bam
389 114  29.00
contig_3620:664087-664213.bam
116 11  9.00
contig_36325:140918-141045.bam
416 103  24.00
contig_3634:48387-48637.bam
3767 147  3.00
contig_36476:248944-249177.bam
6172 1287  20.00
contig_36535:104838-105093.bam
4214 333  7.00
contig_36542:27956-28042.bam
4383 408  9.00
contig_36543:42979-43065.bam
1846 189  10.00
contig_36758:137107-137190.bam
1549 268  17.00
contig_3682:1461010-1461111.bam
270 14  5.00
contig_3685:694276-694346.bam
6704 1204  17.00
contig_36954:26790-27059.bam
5211 823  15.00
contig_3703:1043328-1043512.bam
522 181  34.00
contig_3703:11689-11897.bam
6558 771  11.00
contig_3719:824215-824456.bam
4542 920  20.00
contig_37263:112444-112775.bam
783 267  34.00
contig_37472:250818-251013.bam
922 298  32.00
contig_37487:107161-107307.bam
256 93  36.00
contig_37487:184468-184657.bam
2428 28  1.00
contig_3755:795103-795225.bam
2400 28  1.00
contig_3755:795469-795690.bam
2273 125  5.00
contig_3755:796600-796667.bam
5015 955  19.00
contig_37573:319796-320106.bam
189 3  1.00
contig_37625:228591-228713.bam
221 19  8.00
contig_37805:204162-204313.bam
253 66  26.00
contig_3782:574906-574970.bam
1656 248  14.00
contig_3805:241217-241284.bam
777 79  10.00
contig_3805:9833-9919.bam
417 38  9.00
contig_38186:118232-118375.bam
4558 216  4.00
contig_3823:621033-621208.bam
6614 1509  22.00
contig_38287:12604-12898.bam
171 74  43.00
contig_3832:222732-222811.bam
320 131  40.00
contig_38410:377881-378069.bam
3272 771  23.00
contig_38444:65534-65728.bam
1117 132  11.00
contig_3847:386776-386891.bam
311 83  26.00
contig_38526:927548-927780.bam
230 9  3.00
contig_39036:330913-330982.bam
634 264  41.00
contig_3910:2738-2887.bam
5295 650  12.00
contig_3923:1779559-1779820.bam
366 6  1.00
contig_39280:188258-188324.bam
5432 1112  20.00
contig_3940:1391081-1391387.bam
1150 235  20.00
contig_3940:97423-97609.bam
178 3  1.00
contig_3946:27652-27746.bam
2537 216  8.00
contig_3953:253866-254045.bam
1911 171  8.00
contig_3953:83238-83349.bam
1231 461  37.00
contig_3974:153303-153506.bam
650 243  37.00
contig_3974:73226-73377.bam
4702 761  16.00
contig_3983:109397-109757.bam
879 156  17.00
contig_39914:346128-346253.bam
995 390  39.00
contig_39940:34092-34332.bam
4454 1738  39.00
contig_40092:34112-34456.bam
2537 900  35.00
contig_4010:478770-479083.bam
4997 1398  27.00
contig_4010:811851-812332.bam
5367 1400  26.00
contig_4017:901008-901401.bam
323 12  3.00
contig_40199:229919-229989.bam
334 126  37.00
contig_40219:298878-298977.bam
5541 894  16.00
contig_40219:307130-307383.bam
6013 470  7.00
contig_40263:112266-112447.bam
3762 572  15.00
contig_40322:181352-181575.bam
979 126  12.00
contig_40343:138804-138887.bam
6496 797  12.00
contig_40413:102372-102687.bam
3011 65  2.00
contig_4048:1468155-1468301.bam
2373 163  6.00
contig_4048:2127187-2127293.bam
177 55  31.00
contig_40511:346829-346969.bam
1767 586  33.00
contig_4054:54880-55088.bam
3547 495  13.00
contig_40857:87937-88159.bam
5602 1189  21.00
contig_4085:323201-323413.bam
3880 978  25.00
contig_40875:307818-308084.bam
718 161  22.00
contig_40875:502970-503126.bam
2491 386  15.00
contig_40904:15061-15263.bam
289 49  16.00
contig_4110:127882-127960.bam
4259 293  6.00
contig_4126:238738-238918.bam
3950 792  20.00
contig_41316:178232-178426.bam
130 40  30.00
contig_41316:778-854.bam
245 25  10.00
contig_4138:277646-277725.bam
3448 335  9.00
contig_4152:350047-350324.bam
1306 296  22.00
contig_4171:105266-105375.bam
6429 1736  27.00
contig_41840:161474-161989.bam
945 365  38.00
contig_4199:186885-187058.bam
5398 453  8.00
contig_42144:336349-336468.bam
2288 534  23.00
contig_42567:21421-21698.bam
165 62  37.00
contig_42583:65567-65634.bam
2346 880  37.00
contig_4281:880078-880322.bam
2057 98  4.00
contig_42912:5196-5306.bam
262 110  41.00
contig_4293:2704232-2704347.bam
1902 299  15.00
contig_4296:676093-676205.bam
227 102  44.00
contig_43198:61547-61766.bam
691 344  49.00
contig_4341:1755739-1755916.bam
6236 760  12.00
contig_4379:34492-34695.bam
3195 517  16.00
contig_44186:123522-123757.bam
259 9  3.00
contig_44186:124363-124460.bam
1047 217  20.00
contig_44353:93373-93530.bam
518 157  30.00
contig_44361:8422-8539.bam
176 12  6.00
contig_45066:14173-14269.bam
113 44  38.00
contig_45172:175931-175999.bam
2819 123  4.00
contig_45256:174668-174748.bam
245 26  10.00
contig_4540:494415-494492.bam
197 7  3.00
contig_45461:320131-320274.bam
5233 646  12.00
contig_45635:25866-26108.bam
972 269  27.00
contig_4565:1269380-1269548.bam
5030 333  6.00
contig_45702:24541-24661.bam
252 3  1.00
contig_45702:401759-401827.bam
4237 721  17.00
contig_45737:70591-70759.bam
127 49  38.00
contig_45763:69135-69220.bam
3917 797  20.00
contig_45799:210452-210693.bam
2785 649  23.00
contig_45836:12872-13200.bam
3898 66  1.00
contig_45847:72269-72482.bam
6304 244  3.00
contig_4594:136043-136230.bam
1014 56  5.00
contig_45956:111713-111826.bam
901 112  12.00
contig_45962:22394-22520.bam
1457 439  30.00
contig_46008:131138-131357.bam
736 261  35.00
contig_46059:22686-22794.bam
1183 151  12.00
contig_46140:19812-19999.bam
5714 745  13.00
contig_46309:58677-58809.bam
6137 1224  19.00
contig_46402:15975-16527.bam
4548 1185  26.00
contig_46504:105525-105821.bam
5873 650  11.00
contig_46524:228509-228868.bam
5519 187  3.00
contig_46891:12724-12805.bam
176 86  48.00
contig_47046:100093-100269.bam
5956 551  9.00
contig_4765:274324-274554.bam
527 122  23.00
contig_4765:311089-311254.bam
4563 900  19.00
contig_4799:901102-901285.bam
5314 1329  25.00
contig_4859:510215-510494.bam
522 48  9.00
contig_4883:509644-509769.bam
6343 791  12.00
contig_4883:543058-543144.bam
1791 349  19.00
contig_4886:399822-400070.bam
4211 468  11.00
contig_4906:190688-190880.bam
159 22  13.00
contig_4912:570437-570502.bam
3998 370  9.00
contig_493:49203-49349.bam
6468 786  12.00
contig_4941:1752408-1752800.bam
108 12  11.00
contig_4969:114083-114174.bam
1308 310  23.00
contig_4989:492323-492520.bam
6245 1183  18.00
contig_4997:217593-217938.bam
119 47  39.00
contig_504:118618-118712.bam
761 19  2.00
contig_5081:318951-319001.bam
2311 579  25.00
contig_5081:381348-381538.bam
1209 393  32.00
contig_5081:644055-644254.bam
4346 461  10.00
contig_5129:83433-83670.bam
4575 1549  33.00
contig_514:41078-41707.bam
243 53  21.00
contig_5176:58415-58508.bam
884 332  37.00
contig_5182:309029-309156.bam
5914 428  7.00
contig_5198:1025847-1025986.bam
1281 245  19.00
contig_519:169834-170071.bam
4536 639  14.00
contig_5272:52231-52389.bam
3242 104  3.00
contig_5352:561431-561518.bam
2077 408  19.00
contig_5391:110874-110983.bam
5792 719  12.00
contig_5403:889301-889533.bam
4272 546  12.00
contig_5417:245097-245294.bam
266 115  43.00
contig_5417:64394-64656.bam
4981 1568  31.00
contig_5422:172418-172536.bam
1798 335  18.00
contig_5424:185247-185567.bam
6012 683  11.00
contig_5424:469723-469969.bam
339 136  40.00
contig_5424:808907-809004.bam
5488 271  4.00
contig_5424:844142-844358.bam
195 5  2.00
contig_5442:178464-178518.bam
5903 793  13.00
contig_5454:1150485-1150762.bam
5928 522  8.00
contig_545:84316-84543.bam
4121 786  19.00
contig_5461:1794563-1794869.bam
4339 402  9.00
contig_5461:2044154-2044327.bam
6462 1057  16.00
contig_547:12908-13143.bam
3035 346  11.00
contig_5546:46356-46615.bam
6618 985  14.00
contig_5547:37759-38232.bam
186 33  17.00
contig_5587:755997-756110.bam
1389 211  15.00
contig_5600:2381237-2381467.bam
4046 956  23.00
contig_5610:85589-85761.bam
549 200  36.00
contig_5627:23121-23286.bam
4409 726  16.00
contig_5637:196837-197002.bam
188 67  35.00
contig_5693:408543-408704.bam
4300 629  14.00
contig_5693:481520-481782.bam
3591 757  21.00
contig_5716:33930-34059.bam
6625 1355  20.00
contig_5728:70824-71313.bam
5191 451  8.00
contig_5776:566501-566694.bam
1806 412  22.00
contig_5776:572645-572875.bam
106 25  23.00
contig_5787:1112503-1112607.bam
588 272  46.00
contig_5787:686203-686405.bam
6082 2029  33.00
contig_581:831620-831932.bam
270 8  2.00
contig_5872:379377-379503.bam
965 247  25.00
contig_5872:408957-409089.bam
3782 411  10.00
contig_5878:58642-58811.bam
6545 516  7.00
contig_589:249677-249899.bam
2677 265  9.00
contig_5901:405960-406101.bam
5067 907  17.00
contig_5901:542806-543099.bam
159 34  21.00
contig_592:310081-310153.bam
3470 819  23.00
contig_6057:198125-198292.bam
3364 911  27.00
contig_6142:135213-135397.bam
150 10  6.00
contig_6249:712896-712946.bam
4105 898  21.00
contig_6315:1885827-1886020.bam
4900 544  11.00
contig_6356:131436-131647.bam
6311 941  14.00
contig_6458:335936-336132.bam
4196 664  15.00
contig_6458:377195-377485.bam
2208 265  12.00
contig_6458:640719-640880.bam
4221 890  21.00
contig_648:792547-792786.bam
607 160  26.00
contig_648:85333-85495.bam
6351 1256  19.00
contig_6503:782576-782843.bam
6217 1378  22.00
contig_6531:1223468-1223966.bam
705 35  4.00
contig_6531:227993-228140.bam
680 163  23.00
contig_662:22115-22278.bam
749 54  7.00
contig_6646:2757864-2758004.bam
2106 527  25.00
contig_6660:1181046-1181287.bam
5653 899  15.00
contig_6660:51774-51941.bam
172 12  6.00
contig_6671:1836514-1836585.bam
6262 1319  21.00
contig_6689:213029-213234.bam
3976 606  15.00
contig_6693:706781-707014.bam
5035 388  7.00
contig_6738:137654-137718.bam
4627 330  7.00
contig_6806:125660-125890.bam
4384 1273  29.00
contig_6829:250824-251194.bam
1034 239  23.00
contig_6855:751374-751484.bam
569 233  40.00
contig_6894:41521-41665.bam
2803 341  12.00
contig_7022:1466342-1466576.bam
203 94  46.00
contig_7022:230442-230526.bam
6177 986  15.00
contig_7022:274799-275078.bam
4463 576  12.00
contig_7053:1166521-1166727.bam
2564 375  14.00
contig_7086:291373-291638.bam
2555 131  5.00
contig_7086:769797-770081.bam
5892 788  13.00
contig_715:901532-901767.bam
1492 38  2.00
contig_7202:285176-285235.bam
3506 771  21.00
contig_726:292295-292733.bam
663 327  49.00
contig_732:392471-392779.bam
4381 311  7.00
contig_739:3528986-3529199.bam
129 14  10.00
contig_7427:141180-141242.bam
1709 268  15.00
contig_744:166450-166597.bam
2549 635  24.00
contig_7490:274017-274197.bam
3170 1234  38.00
contig_7526:80534-80967.bam
112 34  30.00
contig_7562:610201-610315.bam
5523 1401  25.00
contig_756:631116-631216.bam
1818 566  31.00
contig_7624:174075-174378.bam
1668 268  16.00
contig_7650:280187-280358.bam
4072 319  7.00
contig_775:32911-33081.bam
7868 947  12.00
contig_7825:161746-161972.bam
3500 487  13.00
contig_7831:4414321-4414453.bam
3802 532  13.00
contig_7831:7529964-7530055.bam
109 34  31.00
contig_7856:190525-190712.bam
6543 1828  27.00
contig_7863:278794-279074.bam
521 188  36.00
contig_7863:294370-294482.bam
491 230  46.00
contig_7960:863588-863756.bam
134 58  43.00
contig_7969:495210-495372.bam
5855 386  6.00
contig_8076:410001-410222.bam
2717 109  4.00
contig_8104:536660-536843.bam
4029 763  18.00
contig_8118:450008-450384.bam
6633 1088  16.00
contig_813:1050182-1050550.bam
3876 726  18.00
contig_8163:84427-84701.bam
2816 327  11.00
contig_8174:421882-422070.bam
3294 609  18.00
contig_8174:538885-539130.bam
5186 830  16.00
contig_8174:556746-556979.bam
346 114  32.00
contig_8281:811687-811789.bam
3228 824  25.00
contig_8293:63482-63695.bam
4473 394  8.00
contig_8307:30015-30167.bam
1724 668  38.00
contig_8307:51585-51848.bam
4454 980  22.00
contig_8356:37526-37836.bam
209 80  38.00
contig_843:223788-223932.bam
108 15  13.00
contig_8474:422508-422693.bam
108 14  12.00
contig_850:307024-307078.bam
6794 1441  21.00
contig_8514:5488-5897.bam
6433 1749  27.00
contig_8518:17429-17752.bam
4803 297  6.00
contig_8526:53807-53997.bam
122 28  22.00
contig_8571:139565-139649.bam
5437 1074  19.00
contig_8571:170599-170772.bam
3064 498  16.00
contig_8571:208824-208998.bam
5072 658  12.00
contig_8571:671520-671866.bam
131 22  16.00
contig_8616:535016-535137.bam
513 6  1.00
contig_8623:1044-1116.bam
677 221  32.00
contig_8629:1185103-1185393.bam
123 10  8.00
contig_8648:2005860-2005984.bam
2393 951  39.00
contig_873:39287-39479.bam
4090 358  8.00
contig_8763:1091414-1091641.bam
5128 1387  27.00
contig_8809:39171-39530.bam
118 24  20.00
contig_8838:657312-657391.bam
311 122  39.00
contig_8843:548450-548667.bam
6185 868  14.00
contig_8847:452919-453145.bam
260 114  43.00
contig_8870:751023-751148.bam
296 108  36.00
contig_8870:977420-977593.bam
435 85  19.00
contig_887:1099737-1099824.bam
4386 1371  31.00
contig_887:1107945-1108284.bam
536 50  9.00
contig_887:163625-163757.bam
235 36  15.00
contig_887:164058-164127.bam
434 187  43.00
contig_8952:596341-596507.bam
393 182  46.00
contig_8952:670437-670559.bam
5675 147  2.00
contig_8952:98703-98904.bam
5537 1202  21.00
contig_8963:401615-402049.bam
3592 301  8.00
contig_9069:31977-32061.bam
5647 121  2.00
contig_9111:258403-258598.bam
3924 467  11.00
contig_9134:1027588-1027710.bam
4403 486  11.00
contig_9155:1430-1663.bam
3659 806  22.00
contig_9187:1026644-1026818.bam
2680 486  18.00
contig_9278:1759745-1759979.bam
187 65  34.00
contig_9331:29599-29668.bam
2115 449  21.00
contig_9417:424754-424929.bam
543 141  25.00
contig_9460:360974-361081.bam
4014 558  13.00
contig_9460:726024-726224.bam
145 56  38.00
contig_9524:307864-308049.bam
590 45  7.00
contig_9541:1166083-1166139.bam
269 65  24.00
contig_9571:257414-257500.bam
1704 282  16.00
contig_9584:59305-59404.bam
3553 182  5.00
contig_9650:463262-463349.bam
2469 381  15.00
contig_9650:472394-472681.bam
1468 376  25.00
contig_9655:303659-303787.bam
5338 807  15.00
contig_9739:336509-336741.bam
4002 857  21.00
contig_9745:120387-120633.bam
5783 380  6.00
contig_9837:731711-731942.bam
530 150  28.00
contig_9860:30147-30307.bam
236 23  9.00
contig_9985:321933-322017.bam
327 114  34.00
contig_9985:352395-352549.bam
5120 1151  22.00
contig_9996:267706-267940.bam
