CP142620.1	0	498	0
CP142620.1	498	533	1
CP142620.1	533	536	0
CP142620.1	536	611	1
CP142620.1	611	2102	0
CP142620.1	2102	2128	1
CP142620.1	2128	2129	0
CP142620.1	2129	2244	1
CP142620.1	2244	3578	0
CP142620.1	3578	3711	1
CP142620.1	3711	3736	2
CP142620.1	3736	3738	1
CP142620.1	3738	3755	2
CP142620.1	3755	3756	1
CP142620.1	3756	3784	2
CP142620.1	3784	3832	1
CP142620.1	3832	3892	2
CP142620.1	3892	3894	1
CP142620.1	3894	3898	2
CP142620.1	3898	3904	1
CP142620.1	3904	3941	2
CP142620.1	3941	3957	1
CP142620.1	3957	4018	0
CP142620.1	4018	4066	1
CP142620.1	4066	4067	0
CP142620.1	4067	4126	1
CP142620.1	4126	4883	0
CP142620.1	4883	4979	1
CP142620.1	4979	5575	0
CP142620.1	5575	5611	1
CP142620.1	5611	8888	0
CP142620.1	8888	9000	1
CP142620.1	9000	9265	0
CP142620.1	9265	9398	1
CP142620.1	9398	9399	0
CP142620.1	9399	9424	1
CP142620.1	9424	11100	0
CP142620.1	11100	11227	1
CP142620.1	11227	11538	0
CP142620.1	11538	11610	1
CP142620.1	11610	14460	0
CP142620.1	14460	14575	1
CP142620.1	14575	15576	0
CP142620.1	15576	15650	1
CP142620.1	15650	16376	0
CP142620.1	16376	16438	1
CP142620.1	16438	16519	2
CP142620.1	16519	16520	1
CP142620.1	16520	16547	2
CP142620.1	16547	16611	1
CP142620.1	16611	16903	0
CP142620.1	16903	16980	1
CP142620.1	16980	17476	0
CP142620.1	17476	17540	1
CP142620.1	17540	17556	2
CP142620.1	17556	17692	1
CP142620.1	17692	17966	0
CP142620.1	17966	18033	1
CP142620.1	18033	18034	0
CP142620.1	18034	18052	1
CP142620.1	18052	18069	0
CP142620.1	18069	18071	1
CP142620.1	18071	18074	0
CP142620.1	18074	18140	1
CP142620.1	18140	18556	0
CP142620.1	18556	18643	1
CP142620.1	18643	19254	0
CP142620.1	19254	19379	1
CP142620.1	19379	20006	0
CP142620.1	20006	20139	1
CP142620.1	20139	20253	0
CP142620.1	20253	20464	1
CP142620.1	20464	21316	0
CP142620.1	21316	21345	1
CP142620.1	21345	21346	0
CP142620.1	21346	21397	1
CP142620.1	21397	21400	0
CP142620.1	21400	21447	1
CP142620.1	21447	22758	0
CP142620.1	22758	22774	1
CP142620.1	22774	22808	2
CP142620.1	22808	22809	1
CP142620.1	22809	22813	2
CP142620.1	22813	22814	1
CP142620.1	22814	22867	2
CP142620.1	22867	22875	1
CP142620.1	22875	24458	0
CP142620.1	24458	24510	1
CP142620.1	24510	24511	0
CP142620.1	24511	24611	1
CP142620.1	24611	24642	2
CP142620.1	24642	24644	1
CP142620.1	24644	24664	2
CP142620.1	24664	24668	1
CP142620.1	24668	24836	0
CP142620.1	24836	24899	1
CP142620.1	24899	24902	0
CP142620.1	24902	24904	1
CP142620.1	24904	24906	0
CP142620.1	24906	24966	1
CP142620.1	24966	24970	0
CP142620.1	24970	25058	1
CP142620.1	25058	25578	0
CP142620.1	25578	25613	1
CP142620.1	25613	25614	0
CP142620.1	25614	25725	1
CP142620.1	25725	26277	0
CP142620.1	26277	26331	1
CP142620.1	26331	26453	0
CP142620.1	26453	26511	1
CP142620.1	26511	26709	0
CP142620.1	26709	26726	1
CP142620.1	26726	26728	0
CP142620.1	26728	26857	1
CP142620.1	26857	27827	0
CP142620.1	27827	27901	1
CP142620.1	27901	28391	0
CP142620.1	28391	28453	1
CP142620.1	28453	28760	0
CP142620.1	28760	28898	1
CP142620.1	28898	28936	2
CP142620.1	28936	28937	1
CP142620.1	28937	28954	2
CP142620.1	28954	29008	1
CP142620.1	29008	29095	0
CP142620.1	29095	29172	1
CP142620.1	29172	29174	0
CP142620.1	29174	29211	1
CP142620.1	29211	29641	0
CP142620.1	29641	29695	1
CP142620.1	29695	29697	0
CP142620.1	29697	29725	1
CP142620.1	29725	29726	0
CP142620.1	29726	29756	1
CP142620.1	29756	30833	0
CP142620.1	30833	30836	1
CP142620.1	30836	30837	0
CP142620.1	30837	31052	1
CP142620.1	31052	31054	0
CP142620.1	31054	31086	1
CP142620.1	31086	32133	0
CP142620.1	32133	32192	1
CP142620.1	32192	33796	0
CP142620.1	33796	33847	1
CP142620.1	33847	34378	0
CP142620.1	34378	34414	1
CP142620.1	34414	34430	0
CP142620.1	34430	34577	1
CP142620.1	34577	34672	0
CP142620.1	34672	34748	1
CP142620.1	34748	35086	0
CP142620.1	35086	35181	1
CP142620.1	35181	38040	0
CP142620.1	38040	38092	1
CP142620.1	38092	38114	2
CP142620.1	38114	38200	1
CP142620.1	38200	38203	0
CP142620.1	38203	38280	1
CP142620.1	38280	39616	0
CP142620.1	39616	39651	1
CP142620.1	39651	39652	0
CP142620.1	39652	39707	1
CP142620.1	39707	42903	0
CP142620.1	42903	42985	1
CP142620.1	42985	43081	0
CP142620.1	43081	43153	1
CP142620.1	43153	44051	0
CP142620.1	44051	44104	1
CP142620.1	44104	44107	0
CP142620.1	44107	44145	1
CP142620.1	44145	44167	2
CP142620.1	44167	44199	1
CP142620.1	44199	45081	0
CP142620.1	45081	45135	1
CP142620.1	45135	45901	0
CP142620.1	45901	45965	1
CP142620.1	45965	47206	0
CP142620.1	47206	47258	1
CP142620.1	47258	49038	0
CP142620.1	49038	49159	1
CP142620.1	49159	50261	0
CP142620.1	50261	50307	1
CP142620.1	50307	51600	0
CP142620.1	51600	51634	1
CP142620.1	51634	51635	0
CP142620.1	51635	51691	1
CP142620.1	51691	52182	0
CP142620.1	52182	52299	1
CP142620.1	52299	53711	0
CP142620.1	53711	53751	1
CP142620.1	53751	53757	0
CP142620.1	53757	53809	1
CP142620.1	53809	54048	0
CP142620.1	54048	54197	1
CP142620.1	54197	54820	0
CP142620.1	54820	54954	1
CP142620.1	54954	55954	0
CP142620.1	55954	56019	1
CP142620.1	56019	56051	0
CP142620.1	56051	56141	1
CP142620.1	56141	56142	0
CP142620.1	56142	56348	1
CP142620.1	56348	58657	0
CP142620.1	58657	58699	1
CP142620.1	58699	58702	0
CP142620.1	58702	58728	1
CP142620.1	58728	58800	0
CP142620.1	58800	58810	1
CP142620.1	58810	58812	0
CP142620.1	58812	58876	1
CP142620.1	58876	58877	0
CP142620.1	58877	58898	1
CP142620.1	58898	58899	0
CP142620.1	58899	58903	1
CP142620.1	58903	59064	0
CP142620.1	59064	59123	1
CP142620.1	59123	60325	0
CP142620.1	60325	60449	1
CP142620.1	60449	60450	0
CP142620.1	60450	60461	1
CP142620.1	60461	60464	0
CP142620.1	60464	60515	1
CP142620.1	60515	61961	0
CP142620.1	61961	62046	1
CP142620.1	62046	62668	0
CP142620.1	62668	62764	1
CP142620.1	62764	63305	0
CP142620.1	63305	63354	1
CP142620.1	63354	63356	0
CP142620.1	63356	63420	1
CP142620.1	63420	64305	0
CP142620.1	64305	64370	1
CP142620.1	64370	64610	0
CP142620.1	64610	64765	1
CP142620.1	64765	65027	0
CP142620.1	65027	65130	1
CP142620.1	65130	65466	0
CP142620.1	65466	65540	1
CP142620.1	65540	66267	0
CP142620.1	66267	66299	1
CP142620.1	66299	66300	0
CP142620.1	66300	66405	1
CP142620.1	66405	66781	0
CP142620.1	66781	66860	1
CP142620.1	66860	69139	0
CP142620.1	69139	69202	1
CP142620.1	69202	69203	0
CP142620.1	69203	69206	1
CP142620.1	69206	70390	0
CP142620.1	70390	70477	1
CP142620.1	70477	70943	0
CP142620.1	70943	71073	1
CP142620.1	71073	71291	0
CP142620.1	71291	71313	1
CP142620.1	71313	71314	0
CP142620.1	71314	71348	1
CP142620.1	71348	71350	0
CP142620.1	71350	71359	1
CP142620.1	71359	71378	2
CP142620.1	71378	71379	0
CP142620.1	71379	71395	2
CP142620.1	71395	71431	1
CP142620.1	71431	71433	0
CP142620.1	71433	71470	1
CP142620.1	71470	71723	0
CP142620.1	71723	71777	1
CP142620.1	71777	71779	0
CP142620.1	71779	71879	1
CP142620.1	71879	71880	0
CP142620.1	71880	71895	1
CP142620.1	71895	72652	0
CP142620.1	72652	72692	1
CP142620.1	72692	73328	0
CP142620.1	73328	73386	1
CP142620.1	73386	73698	0
CP142620.1	73698	73836	1
CP142620.1	73836	73842	0
CP142620.1	73842	73881	1
CP142620.1	73881	76615	0
CP142620.1	76615	76620	1
CP142620.1	76620	76707	2
CP142620.1	76707	76746	1
CP142620.1	76746	76752	0
CP142620.1	76752	76824	1
CP142620.1	76824	77551	0
CP142620.1	77551	77629	1
CP142620.1	77629	79542	0
CP142620.1	79542	79625	1
CP142620.1	79625	80146	0
CP142620.1	80146	80289	1
CP142620.1	80289	83032	0
CP142620.1	83032	83047	1
CP142620.1	83047	83048	0
CP142620.1	83048	83183	1
CP142620.1	83183	84485	0
CP142620.1	84485	84527	1
CP142620.1	84527	84707	0
CP142620.1	84707	84852	1
CP142620.1	84852	84853	0
CP142620.1	84853	84887	1
CP142620.1	84887	84888	0
CP142620.1	84888	84921	1
CP142620.1	84921	84922	0
CP142620.1	84922	84972	1
CP142620.1	84972	86237	0
CP142620.1	86237	86434	1
CP142620.1	86434	86575	0
CP142620.1	86575	86680	1
CP142620.1	86680	86681	0
CP142620.1	86681	86718	1
CP142620.1	86718	88216	0
CP142620.1	88216	88282	1
CP142620.1	88282	88796	0
CP142620.1	88796	88878	1
CP142620.1	88878	89467	0
CP142620.1	89467	89530	1
CP142620.1	89530	89532	0
CP142620.1	89532	89598	1
CP142620.1	89598	90006	0
CP142620.1	90006	90110	1
CP142620.1	90110	91795	0
CP142620.1	91795	91872	1
CP142620.1	91872	91873	0
CP142620.1	91873	91964	1
CP142620.1	91964	91967	0
CP142620.1	91967	92022	1
CP142620.1	92022	92827	0
CP142620.1	92827	92930	1
CP142620.1	92930	94000	0
CP142620.1	94000	94015	1
CP142620.1	94015	94016	0
CP142620.1	94016	94124	1
CP142620.1	94124	94333	0
CP142620.1	94333	94382	1
CP142620.1	94382	94397	0
CP142620.1	94397	94456	1
CP142620.1	94456	95369	0
CP142620.1	95369	95374	1
CP142620.1	95374	95377	0
CP142620.1	95377	95398	1
CP142620.1	95398	95399	0
CP142620.1	95399	95531	1
CP142620.1	95531	97815	0
CP142620.1	97815	97831	1
CP142620.1	97831	97832	0
CP142620.1	97832	97926	1
CP142620.1	97926	99033	0
CP142620.1	99033	99068	1
CP142620.1	99068	99920	0
CP142620.1	99920	100026	1
CP142620.1	100026	101481	0
CP142620.1	101481	101591	1
CP142620.1	101591	103473	0
CP142620.1	103473	103574	1
CP142620.1	103574	103944	0
CP142620.1	103944	104018	1
CP142620.1	104018	107337	0
CP142620.1	107337	107470	1
CP142620.1	107470	107500	0
CP142620.1	107500	107521	1
CP142620.1	107521	107526	0
CP142620.1	107526	107591	1
CP142620.1	107591	107746	0
CP142620.1	107746	107836	1
CP142620.1	107836	107839	0
CP142620.1	107839	107869	1
CP142620.1	107869	107922	0
CP142620.1	107922	108062	1
CP142620.1	108062	108065	0
CP142620.1	108065	108074	1
CP142620.1	108074	108075	0
CP142620.1	108075	108140	1
CP142620.1	108140	108427	0
CP142620.1	108427	108503	1
CP142620.1	108503	111364	0
CP142620.1	111364	111417	1
CP142620.1	111417	112820	0
CP142620.1	112820	112987	1
CP142620.1	112987	114253	0
CP142620.1	114253	114376	1
CP142620.1	114376	114690	0
CP142620.1	114690	114740	1
CP142620.1	114740	115557	0
CP142620.1	115557	115604	1
CP142620.1	115604	116395	0
CP142620.1	116395	116458	1
CP142620.1	116458	117261	0
CP142620.1	117261	117380	1
CP142620.1	117380	117381	0
CP142620.1	117381	117408	1
CP142620.1	117408	120070	0
CP142620.1	120070	120162	1
CP142620.1	120162	120165	0
CP142620.1	120165	120206	1
CP142620.1	120206	120675	0
CP142620.1	120675	120678	1
CP142620.1	120678	120679	0
CP142620.1	120679	120706	1
CP142620.1	120706	120707	0
CP142620.1	120707	120721	1
CP142620.1	120721	120746	2
CP142620.1	120746	120752	1
CP142620.1	120752	120757	2
CP142620.1	120757	120758	1
CP142620.1	120758	120760	0
CP142620.1	120760	120775	3
CP142620.1	120775	120850	2
CP142620.1	120850	120852	1
CP142620.1	120852	120857	2
CP142620.1	120857	120865	1
CP142620.1	120865	120867	0
CP142620.1	120867	120895	1
CP142620.1	120895	120914	2
CP142620.1	120914	120915	1
CP142620.1	120915	120916	2
CP142620.1	120916	121042	1
CP142620.1	121042	121115	0
CP142620.1	121115	121272	1
CP142620.1	121272	121273	0
CP142620.1	121273	121290	1
CP142620.1	121290	121889	0
CP142620.1	121889	121977	1
CP142620.1	121977	122402	0
CP142620.1	122402	122490	1
CP142620.1	122490	122491	0
CP142620.1	122491	122514	1
CP142620.1	122514	122515	0
CP142620.1	122515	122545	1
CP142620.1	122545	122546	0
CP142620.1	122546	122579	1
CP142620.1	122579	123099	0
CP142620.1	123099	123124	1
CP142620.1	123124	123125	0
CP142620.1	123125	123134	1
CP142620.1	123134	123135	0
CP142620.1	123135	123182	1
CP142620.1	123182	123550	0
CP142620.1	123550	123645	1
CP142620.1	123645	125033	0
CP142620.1	125033	125115	1
CP142620.1	125115	127088	0
CP142620.1	127088	127107	1
CP142620.1	127107	127110	0
CP142620.1	127110	127195	1
CP142620.1	127195	127652	0
CP142620.1	127652	127694	1
CP142620.1	127694	127695	0
CP142620.1	127695	127737	1
CP142620.1	127737	127738	0
CP142620.1	127738	127753	1
CP142620.1	127753	127804	2
CP142620.1	127804	127853	1
CP142620.1	127853	130269	0
CP142620.1	130269	130332	1
CP142620.1	130332	130375	0
CP142620.1	130375	130461	1
CP142620.1	130461	130462	0
CP142620.1	130462	130531	1
CP142620.1	130531	130675	0
CP142620.1	130675	130819	1
CP142620.1	130819	130832	0
CP142620.1	130832	130837	1
CP142620.1	130837	130858	0
CP142620.1	130858	130867	1
CP142620.1	130867	130868	0
CP142620.1	130868	130914	1
CP142620.1	130914	130923	2
CP142620.1	130923	130999	1
CP142620.1	130999	131004	0
CP142620.1	131004	131124	1
CP142620.1	131124	131803	0
CP142620.1	131803	131930	1
CP142620.1	131930	131931	0
CP142620.1	131931	131985	1
CP142620.1	131985	132398	0
CP142620.1	132398	132502	1
CP142620.1	132502	132505	0
CP142620.1	132505	132527	1
CP142620.1	132527	132763	0
CP142620.1	132763	132827	1
CP142620.1	132827	133297	0
CP142620.1	133297	133342	1
CP142620.1	133342	133361	2
CP142620.1	133361	133419	1
CP142620.1	133419	134621	0
CP142620.1	134621	134735	1
CP142620.1	134735	134739	0
CP142620.1	134739	134838	1
CP142620.1	134838	135314	0
CP142620.1	135314	135323	1
CP142620.1	135323	135326	0
CP142620.1	135326	135414	1
CP142620.1	135414	137918	0
CP142620.1	137918	138081	1
CP142620.1	138081	138318	0
CP142620.1	138318	138384	1
CP142620.1	138384	138979	0
CP142620.1	138979	139058	1
CP142620.1	139058	140124	0
CP142620.1	140124	140191	1
CP142620.1	140191	141225	0
CP142620.1	141225	141260	1
CP142620.1	141260	141750	0
CP142620.1	141750	141775	1
CP142620.1	141775	141793	2
CP142620.1	141793	141794	1
CP142620.1	141794	141851	2
CP142620.1	141851	141862	1
CP142620.1	141862	142358	0
CP142620.1	142358	142412	1
CP142620.1	142412	142483	2
CP142620.1	142483	142545	1
CP142620.1	142545	142619	0
CP142620.1	142619	142701	1
CP142620.1	142701	142713	0
CP142620.1	142713	142749	1
CP142620.1	142749	144200	0
CP142620.1	144200	144233	1
CP142620.1	144233	144237	0
CP142620.1	144237	144282	1
CP142620.1	144282	144285	0
CP142620.1	144285	144315	1
CP142620.1	144315	145526	0
CP142620.1	145526	145580	1
CP142620.1	145580	148564	0
CP142620.1	148564	148606	1
CP142620.1	148606	149754	0
CP142620.1	149754	149818	1
CP142620.1	149818	150374	0
CP142620.1	150374	150478	1
CP142620.1	150478	151617	0
CP142620.1	151617	151655	1
CP142620.1	151655	151657	0
CP142620.1	151657	151675	1
CP142620.1	151675	151676	0
CP142620.1	151676	151711	1
CP142620.1	151711	151712	0
CP142620.1	151712	151739	1
CP142620.1	151739	152210	0
CP142620.1	152210	152212	1
CP142620.1	152212	152292	2
CP142620.1	152292	152295	1
CP142620.1	152295	152319	2
CP142620.1	152319	152350	1
CP142620.1	152350	152700	0
CP142620.1	152700	152753	1
CP142620.1	152753	152946	0
CP142620.1	152946	153033	1
CP142620.1	153033	154531	0
CP142620.1	154531	154574	1
CP142620.1	154574	158162	0
CP142620.1	158162	158237	1
CP142620.1	158237	158255	0
CP142620.1	158255	158370	1
CP142620.1	158370	160177	0
CP142620.1	160177	160246	1
CP142620.1	160246	160249	0
CP142620.1	160249	160342	1
CP142620.1	160342	161053	0
CP142620.1	161053	161174	1
CP142620.1	161174	161219	2
CP142620.1	161219	161301	1
CP142620.1	161301	161561	0
CP142620.1	161561	161663	1
CP142620.1	161663	163327	0
CP142620.1	163327	163396	1
CP142620.1	163396	164843	0
CP142620.1	164843	164920	1
CP142620.1	164920	165247	0
CP142620.1	165247	165445	1
CP142620.1	165445	166019	0
CP142620.1	166019	166073	1
CP142620.1	166073	166890	0
CP142620.1	166890	166940	1
CP142620.1	166940	166941	0
CP142620.1	166941	167056	1
CP142620.1	167056	167608	0
CP142620.1	167608	167728	1
CP142620.1	167728	168277	0
CP142620.1	168277	168327	1
CP142620.1	168327	169527	0
CP142620.1	169527	169535	1
CP142620.1	169535	169592	2
CP142620.1	169592	169645	1
CP142620.1	169645	172766	0
CP142620.1	172766	172834	1
CP142620.1	172834	173582	0
CP142620.1	173582	173631	1
CP142620.1	173631	173679	2
CP142620.1	173679	173783	1
CP142620.1	173783	175082	0
CP142620.1	175082	175123	1
CP142620.1	175123	175124	0
CP142620.1	175124	175209	1
CP142620.1	175209	177575	0
CP142620.1	177575	177639	1
CP142620.1	177639	179932	0
CP142620.1	179932	179964	1
CP142620.1	179964	180379	0
CP142620.1	180379	180445	1
CP142620.1	180445	180684	0
CP142620.1	180684	180828	1
CP142620.1	180828	181791	0
CP142620.1	181791	181891	1
CP142620.1	181891	182364	0
CP142620.1	182364	182460	1
CP142620.1	182460	182495	2
CP142620.1	182495	182571	1
CP142620.1	182571	182610	0
CP142620.1	182610	182652	1
CP142620.1	182652	184946	0
CP142620.1	184946	185022	1
CP142620.1	185022	185389	0
CP142620.1	185389	185459	1
CP142620.1	185459	187406	0
CP142620.1	187406	187460	1
CP142620.1	187460	187481	2
CP142620.1	187481	187513	1
CP142620.1	187513	187514	0
CP142620.1	187514	187583	1
CP142620.1	187583	187584	0
CP142620.1	187584	187726	1
CP142620.1	187726	187830	0
CP142620.1	187830	187862	1
CP142620.1	187862	187864	0
CP142620.1	187864	187869	1
CP142620.1	187869	187871	0
CP142620.1	187871	187899	1
CP142620.1	187899	188493	0
CP142620.1	188493	188589	1
CP142620.1	188589	192621	0
CP142620.1	192621	192672	1
CP142620.1	192672	192699	0
CP142620.1	192699	192789	1
CP142620.1	192789	192790	0
CP142620.1	192790	192873	1
CP142620.1	192873	194559	0
CP142620.1	194559	194626	1
CP142620.1	194626	194627	0
CP142620.1	194627	194662	1
CP142620.1	194662	195098	0
CP142620.1	195098	195339	1
CP142620.1	195339	196281	0
CP142620.1	196281	196445	1
CP142620.1	196445	196446	0
CP142620.1	196446	196448	1
CP142620.1	196448	196491	2
CP142620.1	196491	196523	1
CP142620.1	196523	197629	0
CP142620.1	197629	197721	1
CP142620.1	197721	197727	0
CP142620.1	197727	197759	1
CP142620.1	197759	198211	0
CP142620.1	198211	198234	1
CP142620.1	198234	198235	0
CP142620.1	198235	198278	1
CP142620.1	198278	198281	0
CP142620.1	198281	198305	1
CP142620.1	198305	198702	0
CP142620.1	198702	198945	1
CP142620.1	198945	199962	0
CP142620.1	199962	199994	1
CP142620.1	199994	199997	0
CP142620.1	199997	200058	1
CP142620.1	200058	201206	0
CP142620.1	201206	201345	1
CP142620.1	201345	203038	0
CP142620.1	203038	203058	1
CP142620.1	203058	203061	0
CP142620.1	203061	203132	1
CP142620.1	203132	203668	0
CP142620.1	203668	203749	1
CP142620.1	203749	204174	0
CP142620.1	204174	204207	1
CP142620.1	204207	204232	0
CP142620.1	204232	204426	1
CP142620.1	204426	206945	0
CP142620.1	206945	207025	1
CP142620.1	207025	207032	0
CP142620.1	207032	207116	1
CP142620.1	207116	207677	0
CP142620.1	207677	207742	1
CP142620.1	207742	209859	0
CP142620.1	209859	209898	1
CP142620.1	209898	209902	0
CP142620.1	209902	210078	1
CP142620.1	210078	211497	0
CP142620.1	211497	211620	1
CP142620.1	211620	212616	0
CP142620.1	212616	212710	1
CP142620.1	212710	212711	0
CP142620.1	212711	212742	1
CP142620.1	212742	212983	0
CP142620.1	212983	213094	1
CP142620.1	213094	213107	0
CP142620.1	213107	213144	1
CP142620.1	213144	213679	0
CP142620.1	213679	213744	1
CP142620.1	213744	214819	0
CP142620.1	214819	214887	1
CP142620.1	214887	216475	0
CP142620.1	216475	216555	1
CP142620.1	216555	216558	0
CP142620.1	216558	216582	1
CP142620.1	216582	216705	0
CP142620.1	216705	216784	1
CP142620.1	216784	216896	0
CP142620.1	216896	216992	1
CP142620.1	216992	216994	0
CP142620.1	216994	217019	1
CP142620.1	217019	217023	0
CP142620.1	217023	217113	1
CP142620.1	217113	217413	0
CP142620.1	217413	217538	1
CP142620.1	217538	220972	0
CP142620.1	220972	221039	1
CP142620.1	221039	221040	0
CP142620.1	221040	221077	1
CP142620.1	221077	224720	0
CP142620.1	224720	224740	1
CP142620.1	224740	224741	0
CP142620.1	224741	224882	1
CP142620.1	224882	224883	0
CP142620.1	224883	224908	1
CP142620.1	224908	224911	0
CP142620.1	224911	224933	1
CP142620.1	224933	225342	0
CP142620.1	225342	225415	1
CP142620.1	225415	225418	0
CP142620.1	225418	225434	1
CP142620.1	225434	225911	0
CP142620.1	225911	226033	1
CP142620.1	226033	226562	0
CP142620.1	226562	226612	1
CP142620.1	226612	226621	0
CP142620.1	226621	226673	1
CP142620.1	226673	227835	0
CP142620.1	227835	227880	1
CP142620.1	227880	228369	0
CP142620.1	228369	228440	1
CP142620.1	228440	228441	0
CP142620.1	228441	228470	1
CP142620.1	228470	229092	0
CP142620.1	229092	229157	1
CP142620.1	229157	229650	0
CP142620.1	229650	229794	1
CP142620.1	229794	230958	0
CP142620.1	230958	231052	1
CP142620.1	231052	232827	0
CP142620.1	232827	232848	1
CP142620.1	232848	232849	0
CP142620.1	232849	232862	1
CP142620.1	232862	232863	0
CP142620.1	232863	232933	1
CP142620.1	232933	235335	0
CP142620.1	235335	235346	1
CP142620.1	235346	235355	2
CP142620.1	235355	235359	1
CP142620.1	235359	235403	2
CP142620.1	235403	235435	1
CP142620.1	235435	235436	0
CP142620.1	235436	235499	1
CP142620.1	235499	235754	0
CP142620.1	235754	235822	1
CP142620.1	235822	235824	0
CP142620.1	235824	235888	1
CP142620.1	235888	236938	0
CP142620.1	236938	237020	1
CP142620.1	237020	237023	0
CP142620.1	237023	237053	1
CP142620.1	237053	237494	0
CP142620.1	237494	237717	1
CP142620.1	237717	237779	0
CP142620.1	237779	237879	1
CP142620.1	237879	238540	0
CP142620.1	238540	238709	1
CP142620.1	238709	242631	0
CP142620.1	242631	242656	1
CP142620.1	242656	242658	0
CP142620.1	242658	242721	1
CP142620.1	242721	243942	0
CP142620.1	243942	244110	1
CP142620.1	244110	245958	0
CP142620.1	245958	245994	1
CP142620.1	245994	245995	0
CP142620.1	245995	246077	1
CP142620.1	246077	246883	0
CP142620.1	246883	246986	1
CP142620.1	246986	246987	0
CP142620.1	246987	246997	1
CP142620.1	246997	247002	0
CP142620.1	247002	247031	1
CP142620.1	247031	248508	0
CP142620.1	248508	248559	1
CP142620.1	248559	248840	0
CP142620.1	248840	248934	1
CP142620.1	248934	250160	0
CP142620.1	250160	250226	1
CP142620.1	250226	250499	0
CP142620.1	250499	250598	1
CP142620.1	250598	251065	0
CP142620.1	251065	251075	1
CP142620.1	251075	251078	0
CP142620.1	251078	251138	1
CP142620.1	251138	251215	0
CP142620.1	251215	251323	1
CP142620.1	251323	251324	0
CP142620.1	251324	251371	1
CP142620.1	251371	253585	0
CP142620.1	253585	253668	1
CP142620.1	253668	253673	0
CP142620.1	253673	253742	1
CP142620.1	253742	254976	0
CP142620.1	254976	255029	1
CP142620.1	255029	255574	0
CP142620.1	255574	255673	1
CP142620.1	255673	255860	0
CP142620.1	255860	255940	1
CP142620.1	255940	258260	0
CP142620.1	258260	258354	1
CP142620.1	258354	259083	0
CP142620.1	259083	259164	1
CP142620.1	259164	259165	0
CP142620.1	259165	259188	1
CP142620.1	259188	259807	0
CP142620.1	259807	259955	1
CP142620.1	259955	259961	0
CP142620.1	259961	259964	1
CP142620.1	259964	259965	0
CP142620.1	259965	260019	1
CP142620.1	260019	260641	0
CP142620.1	260641	260710	1
CP142620.1	260710	260720	0
CP142620.1	260720	260848	1
CP142620.1	260848	260849	0
CP142620.1	260849	260901	1
CP142620.1	260901	262007	0
CP142620.1	262007	262073	1
CP142620.1	262073	262855	0
CP142620.1	262855	262990	1
CP142620.1	262990	262991	0
CP142620.1	262991	263018	1
CP142620.1	263018	263019	0
CP142620.1	263019	263071	1
CP142620.1	263071	263073	0
CP142620.1	263073	263093	1
CP142620.1	263093	263096	0
CP142620.1	263096	263135	1
CP142620.1	263135	264653	0
CP142620.1	264653	264747	1
CP142620.1	264747	264761	0
CP142620.1	264761	264795	1
CP142620.1	264795	265197	0
CP142620.1	265197	265290	1
CP142620.1	265290	265324	0
CP142620.1	265324	265361	1
CP142620.1	265361	265362	0
CP142620.1	265362	265461	1
CP142620.1	265461	267247	0
CP142620.1	267247	267353	1
CP142620.1	267353	267376	0
CP142620.1	267376	267429	1
CP142620.1	267429	267873	0
CP142620.1	267873	267916	1
CP142620.1	267916	267917	0
CP142620.1	267917	267924	1
CP142620.1	267924	267934	0
CP142620.1	267934	268029	1
CP142620.1	268029	270208	0
CP142620.1	270208	270260	1
CP142620.1	270260	270360	0
CP142620.1	270360	270481	1
CP142620.1	270481	270482	0
CP142620.1	270482	270499	1
CP142620.1	270499	270500	0
CP142620.1	270500	270515	1
CP142620.1	270515	270516	0
CP142620.1	270516	270574	1
CP142620.1	270574	270601	0
CP142620.1	270601	270662	1
CP142620.1	270662	272855	0
CP142620.1	272855	272900	1
CP142620.1	272900	272950	0
CP142620.1	272950	273029	1
CP142620.1	273029	274331	0
CP142620.1	274331	274429	1
CP142620.1	274429	274544	0
CP142620.1	274544	274592	1
CP142620.1	274592	275418	0
CP142620.1	275418	275527	1
CP142620.1	275527	275539	2
CP142620.1	275539	275543	1
CP142620.1	275543	275592	2
CP142620.1	275592	275666	1
CP142620.1	275666	276146	0
CP142620.1	276146	276246	1
CP142620.1	276246	277710	0
CP142620.1	277710	277829	1
CP142620.1	277829	277839	0
CP142620.1	277839	277906	1
CP142620.1	277906	278953	0
CP142620.1	278953	279070	1
CP142620.1	279070	279075	0
CP142620.1	279075	279078	1
CP142620.1	279078	279083	0
CP142620.1	279083	279161	1
CP142620.1	279161	279588	0
CP142620.1	279588	279698	1
CP142620.1	279698	279699	0
CP142620.1	279699	279725	1
CP142620.1	279725	281269	0
CP142620.1	281269	281333	1
CP142620.1	281333	281395	0
CP142620.1	281395	281474	1
CP142620.1	281474	281482	0
CP142620.1	281482	281552	1
CP142620.1	281552	282440	0
CP142620.1	282440	282492	1
CP142620.1	282492	282493	0
CP142620.1	282493	282561	1
CP142620.1	282561	283183	0
CP142620.1	283183	283199	1
CP142620.1	283199	283205	0
CP142620.1	283205	283411	1
CP142620.1	283411	284891	0
CP142620.1	284891	284905	1
CP142620.1	284905	284906	0
CP142620.1	284906	284912	1
CP142620.1	284912	284915	0
CP142620.1	284915	284964	1
CP142620.1	284964	284966	2
CP142620.1	284966	285119	1
CP142620.1	285119	285121	0
CP142620.1	285121	285134	1
CP142620.1	285134	285136	0
CP142620.1	285136	285158	1
CP142620.1	285158	285159	0
CP142620.1	285159	285189	1
CP142620.1	285189	285200	0
CP142620.1	285200	285216	1
CP142620.1	285216	285284	2
CP142620.1	285284	285286	1
CP142620.1	285286	285325	2
CP142620.1	285325	285334	1
CP142620.1	285334	285335	0
CP142620.1	285335	285336	1
CP142620.1	285336	285380	2
CP142620.1	285380	285391	1
CP142620.1	285391	285493	0
CP142620.1	285493	285637	1
CP142620.1	285637	288473	0
CP142620.1	288473	288564	1
CP142620.1	288564	288565	0
CP142620.1	288565	288603	1
CP142620.1	288603	288954	0
CP142620.1	288954	288985	1
CP142620.1	288985	288987	0
CP142620.1	288987	289032	1
CP142620.1	289032	291554	0
CP142620.1	291554	291631	1
CP142620.1	291631	291634	0
CP142620.1	291634	291675	1
CP142620.1	291675	291677	0
CP142620.1	291677	291706	1
CP142620.1	291706	292205	0
CP142620.1	292205	292332	1
CP142620.1	292332	292811	0
CP142620.1	292811	292934	1
CP142620.1	292934	293192	0
CP142620.1	293192	293279	1
CP142620.1	293279	293280	0
CP142620.1	293280	293337	1
CP142620.1	293337	294075	0
CP142620.1	294075	294134	1
CP142620.1	294134	294242	2
CP142620.1	294242	294272	1
CP142620.1	294272	294304	0
CP142620.1	294304	294353	1
CP142620.1	294353	299346	0
CP142620.1	299346	299512	1
CP142620.1	299512	299630	0
CP142620.1	299630	299779	1
CP142620.1	299779	300292	0
CP142620.1	300292	300392	1
CP142620.1	300392	300399	0
CP142620.1	300399	300436	1
CP142620.1	300436	300462	2
CP142620.1	300462	300515	1
CP142620.1	300515	300832	0
CP142620.1	300832	300905	1
CP142620.1	300905	300906	0
CP142620.1	300906	301005	1
CP142620.1	301005	302181	0
CP142620.1	302181	302197	1
CP142620.1	302197	302198	0
CP142620.1	302198	302206	1
CP142620.1	302206	302207	0
CP142620.1	302207	302298	1
CP142620.1	302298	302337	0
CP142620.1	302337	302480	2
CP142620.1	302480	302516	1
CP142620.1	302516	302517	0
CP142620.1	302517	302569	1
CP142620.1	302569	304357	0
CP142620.1	304357	304411	1
CP142620.1	304411	305100	0
CP142620.1	305100	305115	1
CP142620.1	305115	305116	0
CP142620.1	305116	305135	1
CP142620.1	305135	305137	0
CP142620.1	305137	305244	1
CP142620.1	305244	306251	0
CP142620.1	306251	306260	1
CP142620.1	306260	306261	0
CP142620.1	306261	306305	1
CP142620.1	306305	306306	0
CP142620.1	306306	306376	1
CP142620.1	306376	307212	0
CP142620.1	307212	307338	1
CP142620.1	307338	307347	0
CP142620.1	307347	307442	1
CP142620.1	307442	307504	0
CP142620.1	307504	307512	1
CP142620.1	307512	307513	0
CP142620.1	307513	307609	1
CP142620.1	307609	307617	0
CP142620.1	307617	307643	1
CP142620.1	307643	307968	0
CP142620.1	307968	308014	1
CP142620.1	308014	309621	0
CP142620.1	309621	309771	1
CP142620.1	309771	309980	0
CP142620.1	309980	310109	1
CP142620.1	310109	310138	0
CP142620.1	310138	310179	1
CP142620.1	310179	310468	0
CP142620.1	310468	310532	1
CP142620.1	310532	310650	0
CP142620.1	310650	310654	1
CP142620.1	310654	310719	2
CP142620.1	310719	310748	1
CP142620.1	310748	312025	0
CP142620.1	312025	312116	1
CP142620.1	312116	312117	0
CP142620.1	312117	312164	1
CP142620.1	312164	312590	0
CP142620.1	312590	312676	1
CP142620.1	312676	316036	0
CP142620.1	316036	316114	1
CP142620.1	316114	316283	0
CP142620.1	316283	316297	1
CP142620.1	316297	316327	2
CP142620.1	316327	316328	1
CP142620.1	316328	316373	2
CP142620.1	316373	316429	1
CP142620.1	316429	316430	0
CP142620.1	316430	316476	1
CP142620.1	316476	316477	0
CP142620.1	316477	316532	1
CP142620.1	316532	316689	0
CP142620.1	316689	316730	1
CP142620.1	316730	317520	0
CP142620.1	317520	317542	1
CP142620.1	317542	317545	0
CP142620.1	317545	317651	1
CP142620.1	317651	317652	0
CP142620.1	317652	317665	1
CP142620.1	317665	318710	0
CP142620.1	318710	318917	1
CP142620.1	318917	319114	0
CP142620.1	319114	319134	1
CP142620.1	319134	319138	0
CP142620.1	319138	319156	1
CP142620.1	319156	319159	0
CP142620.1	319159	319236	1
CP142620.1	319236	319986	0
CP142620.1	319986	320064	1
CP142620.1	320064	322104	0
CP142620.1	322104	322172	1
CP142620.1	322172	322174	0
CP142620.1	322174	322185	1
CP142620.1	322185	322188	0
CP142620.1	322188	322207	1
CP142620.1	322207	322867	0
CP142620.1	322867	322926	1
CP142620.1	322926	324518	0
CP142620.1	324518	324571	1
CP142620.1	324571	325158	0
CP142620.1	325158	325235	1
CP142620.1	325235	325357	0
CP142620.1	325357	325417	1
CP142620.1	325417	325678	0
CP142620.1	325678	325716	1
CP142620.1	325716	325772	0
CP142620.1	325772	326009	1
CP142620.1	326009	326426	0
CP142620.1	326426	326464	1
CP142620.1	326464	326466	0
CP142620.1	326466	326602	1
CP142620.1	326602	327906	0
CP142620.1	327906	327976	1
CP142620.1	327976	331052	0
CP142620.1	331052	331090	1
CP142620.1	331090	331092	0
CP142620.1	331092	331115	1
CP142620.1	331115	331121	2
CP142620.1	331121	331182	1
CP142620.1	331182	332311	0
CP142620.1	332311	332423	1
CP142620.1	332423	333532	0
CP142620.1	333532	333683	1
CP142620.1	333683	333685	0
CP142620.1	333685	333763	1
CP142620.1	333763	333786	0
CP142620.1	333786	333851	1
CP142620.1	333851	333965	0
CP142620.1	333965	334027	1
CP142620.1	334027	334030	2
CP142620.1	334030	334119	1
CP142620.1	334119	334227	0
CP142620.1	334227	334343	1
CP142620.1	334343	334354	2
CP142620.1	334354	334366	1
CP142620.1	334366	334367	0
CP142620.1	334367	334378	1
CP142620.1	334378	334379	0
CP142620.1	334379	334381	1
CP142620.1	334381	334443	2
CP142620.1	334443	334512	1
CP142620.1	334512	337560	0
CP142620.1	337560	337617	1
CP142620.1	337617	338079	0
CP142620.1	338079	338154	1
CP142620.1	338154	339544	0
CP142620.1	339544	339640	1
CP142620.1	339640	339965	0
CP142620.1	339965	340018	1
CP142620.1	340018	340160	0
CP142620.1	340160	340209	1
CP142620.1	340209	344534	0
CP142620.1	344534	344580	1
CP142620.1	344580	344581	0
CP142620.1	344581	344611	1
CP142620.1	344611	346753	0
CP142620.1	346753	346869	1
CP142620.1	346869	347373	0
CP142620.1	347373	347504	1
CP142620.1	347504	347604	0
CP142620.1	347604	347681	1
CP142620.1	347681	348240	0
CP142620.1	348240	348305	1
CP142620.1	348305	348948	0
CP142620.1	348948	349011	1
CP142620.1	349011	349012	0
CP142620.1	349012	349028	1
CP142620.1	349028	349097	0
CP142620.1	349097	349193	1
CP142620.1	349193	350306	0
CP142620.1	350306	350343	1
CP142620.1	350343	350349	0
CP142620.1	350349	350396	1
CP142620.1	350396	351108	0
CP142620.1	351108	351183	1
CP142620.1	351183	352788	0
CP142620.1	352788	352845	1
CP142620.1	352845	352853	0
CP142620.1	352853	352881	1
CP142620.1	352881	353141	0
CP142620.1	353141	353151	1
CP142620.1	353151	353161	2
CP142620.1	353161	353162	1
CP142620.1	353162	353227	2
CP142620.1	353227	353232	1
CP142620.1	353232	353254	2
CP142620.1	353254	353294	1
CP142620.1	353294	353298	0
CP142620.1	353298	353335	1
CP142620.1	353335	353893	0
CP142620.1	353893	353903	1
CP142620.1	353903	353905	0
CP142620.1	353905	353954	1
CP142620.1	353954	354643	0
CP142620.1	354643	354794	1
CP142620.1	354794	354806	0
CP142620.1	354806	354898	1
CP142620.1	354898	356450	0
CP142620.1	356450	356559	1
CP142620.1	356559	356998	0
CP142620.1	356998	357078	1
CP142620.1	357078	358081	0
CP142620.1	358081	358212	1
CP142620.1	358212	361688	0
CP142620.1	361688	361761	1
CP142620.1	361761	362705	0
CP142620.1	362705	362718	1
CP142620.1	362718	362719	0
CP142620.1	362719	362790	1
CP142620.1	362790	362791	0
CP142620.1	362791	362808	1
CP142620.1	362808	362864	2
CP142620.1	362864	362889	1
CP142620.1	362889	363885	0
CP142620.1	363885	363947	1
CP142620.1	363947	365022	0
CP142620.1	365022	365040	1
CP142620.1	365040	365070	2
CP142620.1	365070	365136	1
CP142620.1	365136	365462	0
CP142620.1	365462	365541	1
CP142620.1	365541	365542	0
CP142620.1	365542	365642	1
CP142620.1	365642	367162	0
CP142620.1	367162	367195	1
CP142620.1	367195	367198	0
CP142620.1	367198	367233	1
CP142620.1	367233	369568	0
CP142620.1	369568	369684	1
CP142620.1	369684	369848	0
CP142620.1	369848	369985	1
CP142620.1	369985	370303	0
CP142620.1	370303	370305	1
CP142620.1	370305	370353	2
CP142620.1	370353	370362	1
CP142620.1	370362	371130	0
CP142620.1	371130	371226	1
CP142620.1	371226	372617	0
CP142620.1	372617	372664	1
CP142620.1	372664	372667	0
CP142620.1	372667	372678	1
CP142620.1	372678	372679	0
CP142620.1	372679	372746	1
CP142620.1	372746	373468	0
CP142620.1	373468	373546	1
CP142620.1	373546	374254	0
CP142620.1	374254	374314	1
CP142620.1	374314	374376	2
CP142620.1	374376	374404	1
CP142620.1	374404	374992	0
CP142620.1	374992	375070	1
CP142620.1	375070	375081	0
CP142620.1	375081	375147	1
CP142620.1	375147	380622	0
CP142620.1	380622	380654	1
CP142620.1	380654	380676	2
CP142620.1	380676	380679	1
CP142620.1	380679	380704	2
CP142620.1	380704	380705	1
CP142620.1	380705	380740	2
CP142620.1	380740	380794	1
CP142620.1	380794	381156	0
CP142620.1	381156	381200	1
CP142620.1	381200	381356	0
CP142620.1	381356	381410	1
CP142620.1	381410	381635	0
CP142620.1	381635	381646	1
CP142620.1	381646	381649	0
CP142620.1	381649	381765	1
CP142620.1	381765	382102	0
CP142620.1	382102	382217	1
CP142620.1	382217	382479	0
CP142620.1	382479	382482	1
CP142620.1	382482	382536	2
CP142620.1	382536	382592	1
CP142620.1	382592	383821	0
CP142620.1	383821	383862	1
CP142620.1	383862	383899	2
CP142620.1	383899	383916	1
CP142620.1	383916	383963	0
CP142620.1	383963	384005	2
CP142620.1	384005	384009	1
CP142620.1	384009	384335	0
CP142620.1	384335	384405	1
CP142620.1	384405	385180	0
CP142620.1	385180	385297	1
CP142620.1	385297	385343	0
CP142620.1	385343	385443	1
CP142620.1	385443	385641	0
CP142620.1	385641	385664	1
CP142620.1	385664	385677	2
CP142620.1	385677	385680	0
CP142620.1	385680	385689	2
CP142620.1	385689	385690	1
CP142620.1	385690	385793	2
CP142620.1	385793	385804	1
CP142620.1	385804	386213	0
CP142620.1	386213	386318	1
CP142620.1	386318	386319	0
CP142620.1	386319	386365	1
CP142620.1	386365	386800	0
CP142620.1	386800	386885	1
CP142620.1	386885	388722	0
CP142620.1	388722	388758	1
CP142620.1	388758	388761	0
CP142620.1	388761	388804	1
CP142620.1	388804	388909	0
CP142620.1	388909	388973	1
CP142620.1	388973	389010	2
CP142620.1	389010	389011	0
CP142620.1	389011	389015	2
CP142620.1	389015	389016	0
CP142620.1	389016	389026	2
CP142620.1	389026	389028	1
CP142620.1	389028	389041	2
CP142620.1	389041	389042	0
CP142620.1	389042	389120	2
CP142620.1	389120	389123	3
CP142620.1	389123	389201	2
CP142620.1	389201	389213	1
CP142620.1	389213	389218	2
CP142620.1	389218	389300	1
CP142620.1	389300	390054	0
CP142620.1	390054	390085	1
CP142620.1	390085	390093	0
CP142620.1	390093	390095	1
CP142620.1	390095	390154	2
CP142620.1	390154	390155	1
CP142620.1	390155	390175	2
CP142620.1	390175	390178	1
CP142620.1	390178	390181	0
CP142620.1	390181	390190	1
CP142620.1	390190	390191	0
CP142620.1	390191	390193	1
CP142620.1	390193	390257	2
CP142620.1	390257	390335	1
CP142620.1	390335	390337	0
CP142620.1	390337	390394	1
CP142620.1	390394	390395	0
CP142620.1	390395	390429	1
CP142620.1	390429	391329	0
CP142620.1	391329	391368	1
CP142620.1	391368	391371	0
CP142620.1	391371	391377	1
CP142620.1	391377	391379	0
CP142620.1	391379	391404	1
CP142620.1	391404	391979	0
CP142620.1	391979	392085	1
CP142620.1	392085	392536	0
CP142620.1	392536	392606	1
CP142620.1	392606	392657	2
CP142620.1	392657	392675	1
CP142620.1	392675	394124	0
CP142620.1	394124	394206	1
CP142620.1	394206	395027	0
CP142620.1	395027	395030	1
CP142620.1	395030	395097	2
CP142620.1	395097	395245	1
CP142620.1	395245	396324	0
CP142620.1	396324	396373	1
CP142620.1	396373	396412	2
CP142620.1	396412	396413	1
CP142620.1	396413	396421	2
CP142620.1	396421	396426	1
CP142620.1	396426	396487	2
CP142620.1	396487	396491	1
CP142620.1	396491	396517	2
CP142620.1	396517	396545	1
CP142620.1	396545	396546	0
CP142620.1	396546	396665	1
CP142620.1	396665	397058	0
CP142620.1	397058	397170	1
CP142620.1	397170	397171	0
CP142620.1	397171	397179	1
CP142620.1	397179	397182	0
CP142620.1	397182	397189	1
CP142620.1	397189	397190	0
CP142620.1	397190	397196	1
CP142620.1	397196	397197	0
CP142620.1	397197	397291	1
CP142620.1	397291	398030	0
CP142620.1	398030	398129	1
CP142620.1	398129	399130	0
CP142620.1	399130	399198	1
CP142620.1	399198	400321	0
CP142620.1	400321	400470	1
CP142620.1	400470	400471	0
CP142620.1	400471	400494	1
CP142620.1	400494	400496	0
CP142620.1	400496	400500	1
CP142620.1	400500	401505	0
CP142620.1	401505	401560	1
CP142620.1	401560	401943	0
CP142620.1	401943	402029	1
CP142620.1	402029	403662	0
CP142620.1	403662	403741	1
CP142620.1	403741	403777	0
CP142620.1	403777	403863	1
CP142620.1	403863	403865	0
CP142620.1	403865	403882	1
CP142620.1	403882	403884	0
CP142620.1	403884	403910	1
CP142620.1	403910	403911	0
CP142620.1	403911	403976	1
CP142620.1	403976	404281	0
CP142620.1	404281	404295	1
CP142620.1	404295	404298	0
CP142620.1	404298	404453	1
CP142620.1	404453	404926	0
CP142620.1	404926	405031	1
CP142620.1	405031	405035	0
CP142620.1	405035	405049	1
CP142620.1	405049	406298	0
CP142620.1	406298	406348	1
CP142620.1	406348	406357	2
CP142620.1	406357	406358	1
CP142620.1	406358	406383	2
CP142620.1	406383	406384	1
CP142620.1	406384	406392	2
CP142620.1	406392	406423	1
CP142620.1	406423	406691	0
CP142620.1	406691	406830	1
CP142620.1	406830	407847	0
CP142620.1	407847	407913	1
CP142620.1	407913	410712	0
CP142620.1	410712	410790	1
CP142620.1	410790	410845	2
CP142620.1	410845	410846	1
CP142620.1	410846	410900	2
CP142620.1	410900	410937	1
CP142620.1	410937	411015	0
CP142620.1	411015	411021	1
CP142620.1	411021	411034	2
CP142620.1	411034	411035	1
CP142620.1	411035	411054	2
CP142620.1	411054	411110	0
CP142620.1	411110	411114	1
CP142620.1	411114	411115	0
CP142620.1	411115	411149	1
CP142620.1	411149	411151	0
CP142620.1	411151	411155	1
CP142620.1	411155	411175	2
CP142620.1	411175	411178	1
CP142620.1	411178	411181	2
CP142620.1	411181	411182	1
CP142620.1	411182	411184	2
CP142620.1	411184	411185	1
CP142620.1	411185	411270	2
CP142620.1	411270	411293	1
CP142620.1	411293	412557	0
CP142620.1	412557	412636	1
CP142620.1	412636	415612	0
CP142620.1	415612	415745	1
CP142620.1	415745	415765	2
CP142620.1	415765	415896	1
CP142620.1	415896	418107	0
CP142620.1	418107	418200	1
CP142620.1	418200	418717	0
CP142620.1	418717	418772	1
CP142620.1	418772	420026	0
CP142620.1	420026	420049	1
CP142620.1	420049	420050	0
CP142620.1	420050	420136	1
CP142620.1	420136	420305	0
CP142620.1	420305	420362	1
CP142620.1	420362	420363	0
CP142620.1	420363	420390	1
CP142620.1	420390	420684	0
CP142620.1	420684	420744	1
CP142620.1	420744	421098	0
CP142620.1	421098	421213	1
CP142620.1	421213	421742	0
CP142620.1	421742	421882	1
CP142620.1	421882	421923	0
CP142620.1	421923	422081	1
CP142620.1	422081	422695	0
CP142620.1	422695	422747	1
CP142620.1	422747	423487	0
CP142620.1	423487	423524	1
CP142620.1	423524	423525	0
CP142620.1	423525	423527	1
CP142620.1	423527	423541	2
CP142620.1	423541	423579	3
CP142620.1	423579	423609	2
CP142620.1	423609	423643	1
CP142620.1	423643	423646	0
CP142620.1	423646	423661	1
CP142620.1	423661	423670	2
CP142620.1	423670	423705	1
CP142620.1	423705	423758	2
CP142620.1	423758	423759	1
CP142620.1	423759	423772	2
CP142620.1	423772	423828	1
CP142620.1	423828	425256	0
CP142620.1	425256	425306	1
CP142620.1	425306	426238	0
CP142620.1	426238	426319	1
CP142620.1	426319	426350	2
CP142620.1	426350	426351	1
CP142620.1	426351	426390	2
CP142620.1	426390	426399	1
CP142620.1	426399	427025	0
CP142620.1	427025	427182	1
CP142620.1	427182	427267	0
CP142620.1	427267	427359	1
CP142620.1	427359	427370	0
CP142620.1	427370	427396	1
CP142620.1	427396	427397	0
CP142620.1	427397	427406	1
CP142620.1	427406	427958	0
CP142620.1	427958	428141	1
CP142620.1	428141	428144	0
CP142620.1	428144	428230	1
CP142620.1	428230	428326	0
CP142620.1	428326	428426	1
CP142620.1	428426	428543	0
CP142620.1	428543	428562	1
CP142620.1	428562	428566	0
CP142620.1	428566	428647	1
CP142620.1	428647	429310	0
CP142620.1	429310	429426	1
CP142620.1	429426	429427	0
CP142620.1	429427	429451	1
CP142620.1	429451	430024	0
CP142620.1	430024	430098	1
CP142620.1	430098	430310	0
CP142620.1	430310	430390	1
CP142620.1	430390	433128	0
CP142620.1	433128	433238	1
CP142620.1	433238	433871	0
CP142620.1	433871	433883	1
CP142620.1	433883	433886	0
CP142620.1	433886	433915	1
CP142620.1	433915	433916	0
CP142620.1	433916	433954	1
CP142620.1	433954	434791	0
CP142620.1	434791	434915	1
CP142620.1	434915	435063	0
CP142620.1	435063	435144	1
CP142620.1	435144	436464	0
CP142620.1	436464	436519	1
CP142620.1	436519	437326	0
CP142620.1	437326	437367	1
CP142620.1	437367	437368	0
CP142620.1	437368	437424	1
CP142620.1	437424	437604	0
CP142620.1	437604	437728	1
CP142620.1	437728	438021	0
CP142620.1	438021	438115	1
CP142620.1	438115	439144	0
CP142620.1	439144	439158	1
CP142620.1	439158	439226	2
CP142620.1	439226	439232	1
CP142620.1	439232	439235	2
CP142620.1	439235	439270	3
CP142620.1	439270	439298	2
CP142620.1	439298	439371	1
CP142620.1	439371	439374	0
CP142620.1	439374	439447	1
CP142620.1	439447	439808	0
CP142620.1	439808	439919	1
CP142620.1	439919	439976	0
CP142620.1	439976	440099	1
CP142620.1	440099	440238	0
CP142620.1	440238	440257	1
CP142620.1	440257	440260	0
CP142620.1	440260	440329	1
CP142620.1	440329	441910	0
CP142620.1	441910	441975	1
CP142620.1	441975	442254	0
CP142620.1	442254	442334	1
CP142620.1	442334	442605	0
CP142620.1	442605	442673	1
CP142620.1	442673	442676	0
CP142620.1	442676	442731	1
CP142620.1	442731	443008	0
CP142620.1	443008	443088	1
CP142620.1	443088	443090	0
CP142620.1	443090	443100	1
CP142620.1	443100	443102	0
CP142620.1	443102	443149	1
CP142620.1	443149	443195	0
CP142620.1	443195	443271	1
CP142620.1	443271	444444	0
CP142620.1	444444	444489	1
CP142620.1	444489	444490	0
CP142620.1	444490	444494	1
CP142620.1	444494	444874	0
CP142620.1	444874	444920	1
CP142620.1	444920	444959	2
CP142620.1	444959	444995	1
CP142620.1	444995	448057	0
CP142620.1	448057	448065	1
CP142620.1	448065	448101	2
CP142620.1	448101	448102	0
CP142620.1	448102	448112	2
CP142620.1	448112	448113	0
CP142620.1	448113	448114	2
CP142620.1	448114	448149	3
CP142620.1	448149	448150	2
CP142620.1	448150	448161	3
CP142620.1	448161	448164	2
CP142620.1	448164	448196	1
CP142620.1	448196	448613	0
CP142620.1	448613	448660	1
CP142620.1	448660	448812	0
CP142620.1	448812	448875	1
CP142620.1	448875	448913	0
CP142620.1	448913	449001	1
CP142620.1	449001	449286	0
CP142620.1	449286	449357	1
CP142620.1	449357	449565	0
CP142620.1	449565	449606	1
CP142620.1	449606	449608	0
CP142620.1	449608	449688	1
CP142620.1	449688	449691	0
CP142620.1	449691	449768	1
CP142620.1	449768	449769	0
CP142620.1	449769	449803	1
CP142620.1	449803	450777	0
CP142620.1	450777	450829	1
CP142620.1	450829	451472	0
CP142620.1	451472	451522	1
CP142620.1	451522	451566	2
CP142620.1	451566	451567	1
CP142620.1	451567	451997	0
CP142620.1	451997	452033	1
CP142620.1	452033	452036	0
CP142620.1	452036	452059	1
CP142620.1	452059	452082	2
CP142620.1	452082	452086	1
CP142620.1	452086	452113	2
CP142620.1	452113	452126	1
CP142620.1	452126	452367	0
CP142620.1	452367	452401	1
CP142620.1	452401	452402	0
CP142620.1	452402	452577	1
CP142620.1	452577	452583	0
CP142620.1	452583	452638	1
CP142620.1	452638	452881	0
CP142620.1	452881	452919	1
CP142620.1	452919	452967	2
CP142620.1	452967	452992	1
CP142620.1	452992	453012	2
CP142620.1	453012	453127	1
CP142620.1	453127	453128	2
CP142620.1	453128	453281	1
CP142620.1	453281	453392	0
CP142620.1	453392	453551	1
CP142620.1	453551	453582	2
CP142620.1	453582	453586	1
CP142620.1	453586	453594	2
CP142620.1	453594	453597	1
CP142620.1	453597	453616	2
CP142620.1	453616	453634	1
CP142620.1	453634	454216	0
CP142620.1	454216	454300	1
CP142620.1	454300	454765	0
CP142620.1	454765	454774	1
CP142620.1	454774	454775	0
CP142620.1	454775	454855	1
CP142620.1	454855	454862	0
CP142620.1	454862	454934	1
CP142620.1	454934	455226	0
CP142620.1	455226	455287	1
CP142620.1	455287	455574	0
CP142620.1	455574	455633	1
CP142620.1	455633	455982	0
CP142620.1	455982	456020	1
CP142620.1	456020	457056	0
CP142620.1	457056	457102	1
CP142620.1	457102	458235	0
CP142620.1	458235	458329	1
CP142620.1	458329	458330	0
CP142620.1	458330	458345	1
CP142620.1	458345	458513	0
CP142620.1	458513	458541	1
CP142620.1	458541	458610	2
CP142620.1	458610	458687	1
CP142620.1	458687	458751	0
CP142620.1	458751	458824	1
CP142620.1	458824	458861	0
CP142620.1	458861	458906	1
CP142620.1	458906	459994	0
CP142620.1	459994	460167	1
CP142620.1	460167	461171	0
CP142620.1	461171	461232	1
CP142620.1	461232	461236	0
CP142620.1	461236	461271	1
CP142620.1	461271	461722	0
CP142620.1	461722	462065	1
CP142620.1	462065	462258	0
CP142620.1	462258	462334	1
CP142620.1	462334	462685	0
CP142620.1	462685	462750	1
CP142620.1	462750	462785	2
CP142620.1	462785	462817	1
CP142620.1	462817	463380	0
CP142620.1	463380	463442	1
CP142620.1	463442	463477	0
CP142620.1	463477	463610	1
CP142620.1	463610	463826	0
CP142620.1	463826	463909	1
CP142620.1	463909	463917	2
CP142620.1	463917	463957	1
CP142620.1	463957	464146	0
CP142620.1	464146	464323	1
CP142620.1	464323	467054	0
CP142620.1	467054	467208	1
CP142620.1	467208	468294	0
CP142620.1	468294	468357	1
CP142620.1	468357	468515	0
CP142620.1	468515	468540	1
CP142620.1	468540	468575	2
CP142620.1	468575	468580	1
CP142620.1	468580	468726	0
CP142620.1	468726	468795	1
CP142620.1	468795	469748	0
CP142620.1	469748	469810	1
CP142620.1	469810	469898	0
CP142620.1	469898	470004	1
CP142620.1	470004	470404	0
CP142620.1	470404	470416	1
CP142620.1	470416	470417	0
CP142620.1	470417	470458	1
CP142620.1	470458	470459	0
CP142620.1	470459	470495	1
CP142620.1	470495	470497	0
CP142620.1	470497	470583	1
CP142620.1	470583	471415	0
CP142620.1	471415	471482	1
CP142620.1	471482	471699	0
CP142620.1	471699	471721	1
CP142620.1	471721	471722	0
CP142620.1	471722	471823	1
CP142620.1	471823	473077	0
CP142620.1	473077	473194	1
CP142620.1	473194	473808	0
CP142620.1	473808	473860	1
CP142620.1	473860	474841	0
CP142620.1	474841	474915	1
CP142620.1	474915	474955	2
CP142620.1	474955	475008	1
CP142620.1	475008	475048	2
CP142620.1	475048	475049	1
CP142620.1	475049	475153	2
CP142620.1	475153	475162	0
CP142620.1	475162	475163	1
CP142620.1	475163	475195	2
CP142620.1	475195	475202	1
CP142620.1	475202	475206	0
CP142620.1	475206	475251	1
CP142620.1	475251	475252	0
CP142620.1	475252	475276	1
CP142620.1	475276	475278	0
CP142620.1	475278	475321	1
CP142620.1	475321	475667	0
CP142620.1	475667	475721	1
CP142620.1	475721	476840	0
CP142620.1	476840	476909	1
CP142620.1	476909	478668	0
CP142620.1	478668	478757	1
CP142620.1	478757	478758	0
CP142620.1	478758	478789	1
CP142620.1	478789	478801	2
CP142620.1	478801	478805	1
CP142620.1	478805	478850	2
CP142620.1	478850	478880	1
CP142620.1	478880	478881	0
CP142620.1	478881	478909	1
CP142620.1	478909	479100	0
CP142620.1	479100	479369	1
CP142620.1	479369	479511	0
CP142620.1	479511	479556	1
CP142620.1	479556	480086	0
CP142620.1	480086	480244	1
CP142620.1	480244	480250	0
CP142620.1	480250	480318	1
CP142620.1	480318	483735	0
CP142620.1	483735	483818	1
CP142620.1	483818	486239	0
CP142620.1	486239	486318	1
CP142620.1	486318	486399	0
CP142620.1	486399	486478	1
CP142620.1	486478	487587	0
CP142620.1	487587	487662	1
CP142620.1	487662	487683	0
CP142620.1	487683	487826	1
CP142620.1	487826	490054	0
CP142620.1	490054	490108	1
CP142620.1	490108	490109	0
CP142620.1	490109	490296	1
CP142620.1	490296	490718	0
CP142620.1	490718	490775	1
CP142620.1	490775	490778	2
CP142620.1	490778	490801	1
CP142620.1	490801	490802	0
CP142620.1	490802	490806	1
CP142620.1	490806	490935	2
CP142620.1	490935	490979	1
CP142620.1	490979	490992	0
CP142620.1	490992	491065	1
CP142620.1	491065	492394	0
CP142620.1	492394	492501	1
CP142620.1	492501	492800	0
CP142620.1	492800	492806	1
CP142620.1	492806	492870	2
CP142620.1	492870	492872	1
CP142620.1	492872	492884	2
CP142620.1	492884	492925	1
CP142620.1	492925	493227	0
CP142620.1	493227	493241	1
CP142620.1	493241	493271	2
CP142620.1	493271	493282	1
CP142620.1	493282	493291	0
CP142620.1	493291	493335	1
CP142620.1	493335	495998	0
CP142620.1	495998	496095	1
CP142620.1	496095	496314	0
CP142620.1	496314	496362	1
CP142620.1	496362	498064	0
CP142620.1	498064	498085	1
CP142620.1	498085	498086	0
CP142620.1	498086	498111	1
CP142620.1	498111	499325	0
CP142620.1	499325	499378	1
CP142620.1	499378	499379	0
CP142620.1	499379	499396	1
CP142620.1	499396	499476	2
CP142620.1	499476	499569	1
CP142620.1	499569	499607	2
CP142620.1	499607	499640	1
CP142620.1	499640	500171	0
CP142620.1	500171	500183	1
CP142620.1	500183	500186	0
CP142620.1	500186	500248	1
CP142620.1	500248	500968	0
CP142620.1	500968	501105	1
CP142620.1	501105	501231	0
CP142620.1	501231	501272	1
CP142620.1	501272	506096	0
CP142620.1	506096	506115	1
CP142620.1	506115	506117	0
CP142620.1	506117	506244	1
CP142620.1	506244	506889	0
CP142620.1	506889	506952	1
CP142620.1	506952	506955	0
CP142620.1	506955	507072	1
CP142620.1	507072	507073	0
CP142620.1	507073	507172	1
CP142620.1	507172	507763	0
CP142620.1	507763	507865	1
CP142620.1	507865	508775	0
CP142620.1	508775	508836	1
CP142620.1	508836	508875	0
CP142620.1	508875	508892	1
CP142620.1	508892	508893	0
CP142620.1	508893	508963	1
CP142620.1	508963	510381	0
CP142620.1	510381	510521	1
CP142620.1	510521	510523	0
CP142620.1	510523	510657	1
CP142620.1	510657	511790	0
CP142620.1	511790	511893	1
CP142620.1	511893	511926	2
CP142620.1	511926	511927	0
CP142620.1	511927	511937	2
CP142620.1	511937	511944	1
CP142620.1	511944	511964	0
CP142620.1	511964	512075	1
CP142620.1	512075	512291	0
CP142620.1	512291	512322	1
CP142620.1	512322	512323	0
CP142620.1	512323	512380	1
CP142620.1	512380	512381	0
CP142620.1	512381	512402	1
CP142620.1	512402	512403	0
CP142620.1	512403	512429	1
CP142620.1	512429	512494	0
CP142620.1	512494	512572	1
CP142620.1	512572	512783	0
CP142620.1	512783	512809	1
CP142620.1	512809	512815	0
CP142620.1	512815	512862	1
CP142620.1	512862	514171	0
CP142620.1	514171	514201	1
CP142620.1	514201	514202	0
CP142620.1	514202	514232	1
CP142620.1	514232	514233	0
CP142620.1	514233	514278	1
CP142620.1	514278	515423	0
CP142620.1	515423	515510	1
CP142620.1	515510	515699	0
CP142620.1	515699	515776	1
CP142620.1	515776	515777	0
CP142620.1	515777	515866	1
CP142620.1	515866	516659	0
CP142620.1	516659	516691	1
CP142620.1	516691	516692	0
CP142620.1	516692	516728	1
CP142620.1	516728	518573	0
CP142620.1	518573	518668	1
CP142620.1	518668	522265	0
CP142620.1	522265	522445	1
CP142620.1	522445	523657	0
CP142620.1	523657	523715	1
CP142620.1	523715	525773	0
CP142620.1	525773	525886	1
CP142620.1	525886	526331	0
CP142620.1	526331	526353	1
CP142620.1	526353	526398	2
CP142620.1	526398	526441	1
CP142620.1	526441	528871	0
CP142620.1	528871	528937	1
CP142620.1	528937	529076	0
CP142620.1	529076	529132	1
CP142620.1	529132	529134	0
CP142620.1	529134	529144	1
CP142620.1	529144	529312	0
CP142620.1	529312	529352	1
CP142620.1	529352	529354	0
CP142620.1	529354	529372	1
CP142620.1	529372	529373	0
CP142620.1	529373	529384	1
CP142620.1	529384	529385	0
CP142620.1	529385	529493	1
CP142620.1	529493	529496	0
CP142620.1	529496	529547	1
CP142620.1	529547	529557	2
CP142620.1	529557	529627	1
CP142620.1	529627	529746	0
CP142620.1	529746	529769	1
CP142620.1	529769	529795	2
CP142620.1	529795	529798	1
CP142620.1	529798	529805	2
CP142620.1	529805	529855	1
CP142620.1	529855	529860	0
CP142620.1	529860	529878	1
CP142620.1	529878	530187	0
CP142620.1	530187	530267	1
CP142620.1	530267	530268	0
CP142620.1	530268	530306	1
CP142620.1	530306	531157	0
CP142620.1	531157	531303	1
CP142620.1	531303	534073	0
CP142620.1	534073	534165	1
CP142620.1	534165	538537	0
CP142620.1	538537	538641	1
CP142620.1	538641	538955	0
CP142620.1	538955	539029	1
CP142620.1	539029	539796	0
CP142620.1	539796	539860	1
CP142620.1	539860	542901	0
CP142620.1	542901	542920	1
CP142620.1	542920	542921	0
CP142620.1	542921	542975	1
CP142620.1	542975	543247	0
CP142620.1	543247	543431	1
CP142620.1	543431	543685	0
CP142620.1	543685	543785	1
CP142620.1	543785	544939	0
CP142620.1	544939	545089	1
CP142620.1	545089	545093	0
CP142620.1	545093	545170	1
CP142620.1	545170	545640	0
CP142620.1	545640	545700	1
CP142620.1	545700	546532	0
CP142620.1	546532	546545	1
CP142620.1	546545	546591	2
CP142620.1	546591	546594	1
CP142620.1	546594	546619	2
CP142620.1	546619	546620	1
CP142620.1	546620	546667	2
CP142620.1	546667	546685	1
CP142620.1	546685	546774	0
CP142620.1	546774	546780	1
CP142620.1	546780	546782	0
CP142620.1	546782	546942	1
CP142620.1	546942	547376	0
CP142620.1	547376	547493	1
CP142620.1	547493	548175	0
CP142620.1	548175	548218	1
CP142620.1	548218	549132	0
CP142620.1	549132	549225	1
CP142620.1	549225	550268	0
CP142620.1	550268	550350	1
CP142620.1	550350	550439	0
CP142620.1	550439	550517	1
CP142620.1	550517	550525	2
CP142620.1	550525	550526	0
CP142620.1	550526	550558	2
CP142620.1	550558	550588	1
CP142620.1	550588	552817	0
CP142620.1	552817	552841	1
CP142620.1	552841	552842	0
CP142620.1	552842	552924	1
CP142620.1	552924	554414	0
CP142620.1	554414	554548	1
CP142620.1	554548	556910	0
CP142620.1	556910	556955	1
CP142620.1	556955	559058	0
CP142620.1	559058	559115	1
CP142620.1	559115	560860	0
CP142620.1	560860	560886	1
CP142620.1	560886	560890	0
CP142620.1	560890	560965	1
CP142620.1	560965	563250	0
CP142620.1	563250	563307	1
CP142620.1	563307	566111	0
CP142620.1	566111	566163	1
CP142620.1	566163	567907	0
CP142620.1	567907	567999	1
CP142620.1	567999	569466	0
CP142620.1	569466	569510	1
CP142620.1	569510	569518	0
CP142620.1	569518	569594	1
CP142620.1	569594	569625	0
CP142620.1	569625	569702	1
CP142620.1	569702	569704	0
CP142620.1	569704	569721	1
CP142620.1	569721	571533	0
CP142620.1	571533	571580	1
CP142620.1	571580	571917	0
CP142620.1	571917	571986	1
CP142620.1	571986	571987	0
CP142620.1	571987	572041	1
CP142620.1	572041	572044	0
CP142620.1	572044	572114	1
CP142620.1	572114	574069	0
CP142620.1	574069	574128	1
CP142620.1	574128	574200	0
CP142620.1	574200	574344	1
CP142620.1	574344	574345	0
CP142620.1	574345	574478	1
CP142620.1	574478	576550	0
CP142620.1	576550	576599	1
CP142620.1	576599	576600	0
CP142620.1	576600	576624	1
CP142620.1	576624	576931	0
CP142620.1	576931	576961	1
CP142620.1	576961	576962	0
CP142620.1	576962	577001	1
CP142620.1	577001	577011	0
CP142620.1	577011	577070	1
CP142620.1	577070	577704	0
CP142620.1	577704	577861	1
CP142620.1	577861	578315	0
CP142620.1	578315	578364	1
CP142620.1	578364	578368	0
CP142620.1	578368	578419	1
CP142620.1	578419	581307	0
CP142620.1	581307	581355	1
CP142620.1	581355	581356	0
CP142620.1	581356	581509	1
CP142620.1	581509	581582	0
CP142620.1	581582	581623	1
CP142620.1	581623	585974	0
CP142620.1	585974	585998	1
CP142620.1	585998	586002	0
CP142620.1	586002	586030	1
CP142620.1	586030	586033	0
CP142620.1	586033	586122	1
CP142620.1	586122	586320	0
CP142620.1	586320	586453	1
CP142620.1	586453	586718	0
CP142620.1	586718	586787	1
CP142620.1	586787	589128	0
CP142620.1	589128	589247	1
CP142620.1	589247	589251	2
CP142620.1	589251	589254	3
CP142620.1	589254	589255	2
CP142620.1	589255	589319	3
CP142620.1	589319	589320	2
CP142620.1	589320	589382	1
CP142620.1	589382	589386	0
CP142620.1	589386	589403	1
CP142620.1	589403	589406	0
CP142620.1	589406	589432	1
CP142620.1	589432	593753	0
CP142620.1	593753	593805	1
CP142620.1	593805	593806	0
CP142620.1	593806	593827	1
CP142620.1	593827	593896	0
CP142620.1	593896	593945	1
CP142620.1	593945	593951	0
CP142620.1	593951	594038	1
CP142620.1	594038	594055	2
CP142620.1	594055	594056	1
CP142620.1	594056	594143	2
CP142620.1	594143	594194	1
CP142620.1	594194	594216	0
CP142620.1	594216	594245	1
CP142620.1	594245	594246	0
CP142620.1	594246	594275	1
CP142620.1	594275	594329	2
CP142620.1	594329	594335	3
CP142620.1	594335	594364	2
CP142620.1	594364	594434	3
CP142620.1	594434	594436	2
CP142620.1	594436	594535	1
CP142620.1	594535	594982	0
CP142620.1	594982	595054	1
CP142620.1	595054	595061	2
CP142620.1	595061	595134	1
CP142620.1	595134	595216	0
CP142620.1	595216	595255	1
CP142620.1	595255	595295	2
CP142620.1	595295	595297	1
CP142620.1	595297	595303	2
CP142620.1	595303	595306	1
CP142620.1	595306	595311	2
CP142620.1	595311	595329	1
CP142620.1	595329	596048	0
CP142620.1	596048	596068	1
CP142620.1	596068	596070	2
CP142620.1	596070	596071	1
CP142620.1	596071	596096	2
CP142620.1	596096	596149	1
CP142620.1	596149	597240	0
CP142620.1	597240	597327	1
CP142620.1	597327	597328	0
CP142620.1	597328	597348	1
CP142620.1	597348	605930	0
CP142620.1	605930	606026	1
CP142620.1	606026	608383	0
CP142620.1	608383	608510	1
CP142620.1	608510	608515	0
CP142620.1	608515	608557	1
CP142620.1	608557	608558	0
CP142620.1	608558	608609	1
CP142620.1	608609	608940	0
CP142620.1	608940	608993	1
CP142620.1	608993	610223	0
CP142620.1	610223	610241	1
CP142620.1	610241	610242	0
CP142620.1	610242	610312	1
CP142620.1	610312	610690	0
CP142620.1	610690	610719	1
CP142620.1	610719	610722	0
CP142620.1	610722	610753	1
CP142620.1	610753	610756	0
CP142620.1	610756	610850	1
CP142620.1	610850	610851	0
CP142620.1	610851	610898	1
CP142620.1	610898	610899	0
CP142620.1	610899	610920	1
CP142620.1	610920	611722	0
CP142620.1	611722	611808	1
CP142620.1	611808	612531	0
CP142620.1	612531	612600	1
CP142620.1	612600	614012	0
CP142620.1	614012	614175	1
CP142620.1	614175	614185	0
CP142620.1	614185	614239	1
CP142620.1	614239	614240	0
CP142620.1	614240	614270	1
CP142620.1	614270	616855	0
CP142620.1	616855	616904	1
CP142620.1	616904	616907	0
CP142620.1	616907	616926	1
CP142620.1	616926	617017	2
CP142620.1	617017	617111	1
CP142620.1	617111	618247	0
CP142620.1	618247	618340	1
CP142620.1	618340	618344	0
CP142620.1	618344	618357	1
CP142620.1	618357	618358	0
CP142620.1	618358	618536	1
CP142620.1	618536	619052	0
CP142620.1	619052	619112	1
CP142620.1	619112	620821	0
CP142620.1	620821	620894	1
CP142620.1	620894	622183	0
CP142620.1	622183	622204	1
CP142620.1	622204	622205	0
CP142620.1	622205	622273	1
CP142620.1	622273	623810	0
