CP142619.1	0	2839	0
CP142619.1	2839	2912	1
CP142619.1	2912	3772	0
CP142619.1	3772	3887	1
CP142619.1	3887	3961	0
CP142619.1	3961	4219	1
CP142619.1	4219	4847	0
CP142619.1	4847	4923	1
CP142619.1	4923	4924	0
CP142619.1	4924	4964	1
CP142619.1	4964	4965	0
CP142619.1	4965	5011	1
CP142619.1	5011	8743	0
CP142619.1	8743	8810	1
CP142619.1	8810	12137	0
CP142619.1	12137	12207	1
CP142619.1	12207	13518	0
CP142619.1	13518	13597	1
CP142619.1	13597	15184	0
CP142619.1	15184	15259	1
CP142619.1	15259	15324	0
CP142619.1	15324	15355	1
CP142619.1	15355	15359	0
CP142619.1	15359	15390	1
CP142619.1	15390	15721	0
CP142619.1	15721	15738	1
CP142619.1	15738	15780	2
CP142619.1	15780	15781	1
CP142619.1	15781	15801	2
CP142619.1	15801	15822	1
CP142619.1	15822	16243	0
CP142619.1	16243	16309	1
CP142619.1	16309	19128	0
CP142619.1	19128	19194	1
CP142619.1	19194	20677	0
CP142619.1	20677	20786	1
CP142619.1	20786	22183	0
CP142619.1	22183	22286	1
CP142619.1	22286	22414	0
CP142619.1	22414	22475	1
CP142619.1	22475	22987	0
CP142619.1	22987	23031	1
CP142619.1	23031	23039	0
CP142619.1	23039	23042	1
CP142619.1	23042	23044	2
CP142619.1	23044	23051	1
CP142619.1	23051	23092	2
CP142619.1	23092	23093	0
CP142619.1	23093	23101	1
CP142619.1	23101	23103	0
CP142619.1	23103	23176	1
CP142619.1	23176	23180	0
CP142619.1	23180	23204	1
CP142619.1	23204	23240	0
CP142619.1	23240	23247	1
CP142619.1	23247	23248	0
CP142619.1	23248	23266	1
CP142619.1	23266	23268	0
CP142619.1	23268	23328	1
CP142619.1	23328	25724	0
CP142619.1	25724	25893	1
CP142619.1	25893	26469	0
CP142619.1	26469	26646	1
CP142619.1	26646	28897	0
CP142619.1	28897	29040	1
CP142619.1	29040	29096	2
CP142619.1	29096	29101	1
CP142619.1	29101	29102	0
CP142619.1	29102	29103	1
CP142619.1	29103	29137	2
CP142619.1	29137	29175	1
CP142619.1	29175	33675	0
CP142619.1	33675	33740	1
CP142619.1	33740	33741	0
CP142619.1	33741	33811	1
CP142619.1	33811	34958	0
CP142619.1	34958	34997	1
CP142619.1	34997	35755	0
CP142619.1	35755	35830	1
CP142619.1	35830	35831	0
CP142619.1	35831	35924	1
CP142619.1	35924	35925	0
CP142619.1	35925	35953	1
CP142619.1	35953	35963	0
CP142619.1	35963	36066	1
CP142619.1	36066	36088	0
CP142619.1	36088	36143	1
CP142619.1	36143	36632	0
CP142619.1	36632	36698	1
CP142619.1	36698	36711	0
CP142619.1	36711	36814	1
CP142619.1	36814	36815	0
CP142619.1	36815	36937	1
CP142619.1	36937	37990	0
CP142619.1	37990	38025	1
CP142619.1	38025	38031	0
CP142619.1	38031	38060	1
CP142619.1	38060	38108	2
CP142619.1	38108	38115	1
CP142619.1	38115	40627	0
CP142619.1	40627	40669	1
CP142619.1	40669	40675	0
CP142619.1	40675	40732	1
CP142619.1	40732	40738	0
CP142619.1	40738	40792	1
CP142619.1	40792	41235	0
CP142619.1	41235	41360	1
CP142619.1	41360	41669	0
CP142619.1	41669	41757	1
CP142619.1	41757	43992	0
CP142619.1	43992	44062	1
CP142619.1	44062	44325	0
CP142619.1	44325	44342	1
CP142619.1	44342	44343	0
CP142619.1	44343	44534	1
CP142619.1	44534	44574	0
CP142619.1	44574	44737	1
CP142619.1	44737	46127	0
CP142619.1	46127	46283	1
CP142619.1	46283	47385	0
CP142619.1	47385	47464	1
CP142619.1	47464	47670	0
CP142619.1	47670	47735	1
CP142619.1	47735	48119	0
CP142619.1	48119	48267	1
CP142619.1	48267	48856	0
CP142619.1	48856	48884	1
CP142619.1	48884	48886	0
CP142619.1	48886	49021	1
CP142619.1	49021	50786	0
CP142619.1	50786	50867	1
CP142619.1	50867	51230	0
CP142619.1	51230	51271	1
CP142619.1	51271	51275	0
CP142619.1	51275	51350	1
CP142619.1	51350	51351	0
CP142619.1	51351	51374	1
CP142619.1	51374	51685	0
CP142619.1	51685	51740	1
CP142619.1	51740	52423	0
CP142619.1	52423	52467	1
CP142619.1	52467	53379	0
CP142619.1	53379	53504	1
CP142619.1	53504	53634	0
CP142619.1	53634	53659	1
CP142619.1	53659	53661	0
CP142619.1	53661	53712	1
CP142619.1	53712	53967	0
CP142619.1	53967	54096	1
CP142619.1	54096	54098	0
CP142619.1	54098	54200	1
CP142619.1	54200	54290	0
CP142619.1	54290	54335	1
CP142619.1	54335	54337	0
CP142619.1	54337	54352	1
CP142619.1	54352	56403	0
CP142619.1	56403	56457	1
CP142619.1	56457	57731	0
CP142619.1	57731	57788	1
CP142619.1	57788	58088	0
CP142619.1	58088	58185	1
CP142619.1	58185	60312	0
CP142619.1	60312	60389	1
CP142619.1	60389	61756	0
CP142619.1	61756	61795	1
CP142619.1	61795	62169	0
CP142619.1	62169	62279	1
CP142619.1	62279	62280	0
CP142619.1	62280	62345	1
CP142619.1	62345	65931	0
CP142619.1	65931	65958	1
CP142619.1	65958	66010	2
CP142619.1	66010	66011	1
CP142619.1	66011	66013	0
CP142619.1	66013	66019	2
CP142619.1	66019	66090	1
CP142619.1	66090	67277	0
CP142619.1	67277	67317	1
CP142619.1	67317	67320	0
CP142619.1	67320	67353	1
CP142619.1	67353	67354	0
CP142619.1	67354	67467	1
CP142619.1	67467	69715	0
CP142619.1	69715	69823	1
CP142619.1	69823	69824	0
CP142619.1	69824	69836	1
CP142619.1	69836	70253	0
CP142619.1	70253	70320	1
CP142619.1	70320	70672	0
CP142619.1	70672	70755	1
CP142619.1	70755	70863	0
CP142619.1	70863	70961	1
CP142619.1	70961	70966	2
CP142619.1	70966	70972	1
CP142619.1	70972	70974	0
CP142619.1	70974	71001	1
CP142619.1	71001	71002	0
CP142619.1	71002	71021	1
CP142619.1	71021	71324	0
CP142619.1	71324	71480	1
CP142619.1	71480	71481	0
CP142619.1	71481	71512	1
CP142619.1	71512	71545	0
CP142619.1	71545	71585	1
CP142619.1	71585	71736	0
CP142619.1	71736	71857	1
CP142619.1	71857	72292	0
CP142619.1	72292	72391	1
CP142619.1	72391	72519	0
CP142619.1	72519	72632	1
CP142619.1	72632	73238	0
CP142619.1	73238	73268	1
CP142619.1	73268	73675	0
CP142619.1	73675	73720	1
CP142619.1	73720	74023	0
CP142619.1	74023	74069	1
CP142619.1	74069	74684	0
CP142619.1	74684	74732	1
CP142619.1	74732	75625	0
CP142619.1	75625	75671	2
CP142619.1	75671	75713	1
CP142619.1	75713	76239	0
CP142619.1	76239	76315	1
CP142619.1	76315	76355	0
CP142619.1	76355	76420	1
CP142619.1	76420	76421	0
CP142619.1	76421	76485	1
CP142619.1	76485	76486	0
CP142619.1	76486	76524	1
CP142619.1	76524	76525	0
CP142619.1	76525	76534	1
CP142619.1	76534	77128	0
CP142619.1	77128	77214	1
CP142619.1	77214	82004	0
CP142619.1	82004	82054	1
CP142619.1	82054	82057	0
CP142619.1	82057	82100	1
CP142619.1	82100	82107	0
CP142619.1	82107	82142	1
CP142619.1	82142	83705	0
CP142619.1	83705	83807	1
CP142619.1	83807	83808	0
CP142619.1	83808	83821	1
CP142619.1	83821	83822	0
CP142619.1	83822	83859	1
CP142619.1	83859	84229	0
CP142619.1	84229	84359	1
CP142619.1	84359	84360	0
CP142619.1	84360	84415	1
CP142619.1	84415	87866	0
CP142619.1	87866	87929	1
CP142619.1	87929	89540	0
CP142619.1	89540	89645	1
CP142619.1	89645	90031	0
CP142619.1	90031	90142	1
CP142619.1	90142	90184	0
CP142619.1	90184	90304	1
CP142619.1	90304	90314	0
CP142619.1	90314	90346	1
CP142619.1	90346	90347	0
CP142619.1	90347	90407	1
CP142619.1	90407	91764	0
CP142619.1	91764	91839	1
CP142619.1	91839	93176	0
CP142619.1	93176	93229	1
CP142619.1	93229	93544	0
CP142619.1	93544	93668	1
CP142619.1	93668	93694	0
CP142619.1	93694	93778	1
CP142619.1	93778	95342	0
CP142619.1	95342	95419	1
CP142619.1	95419	95675	0
CP142619.1	95675	95734	1
CP142619.1	95734	95800	0
CP142619.1	95800	95852	1
CP142619.1	95852	96444	0
CP142619.1	96444	96466	1
CP142619.1	96466	96468	0
CP142619.1	96468	96554	1
CP142619.1	96554	96555	0
CP142619.1	96555	96586	1
CP142619.1	96586	96869	0
CP142619.1	96869	96919	1
CP142619.1	96919	103273	0
CP142619.1	103273	103373	1
CP142619.1	103373	103483	0
CP142619.1	103483	103545	1
CP142619.1	103545	103819	0
CP142619.1	103819	103897	1
CP142619.1	103897	103900	0
CP142619.1	103900	103935	1
CP142619.1	103935	107224	0
CP142619.1	107224	107353	1
CP142619.1	107353	108319	0
CP142619.1	108319	108378	1
CP142619.1	108378	108379	0
CP142619.1	108379	108423	1
CP142619.1	108423	111959	0
CP142619.1	111959	112061	1
CP142619.1	112061	112103	0
CP142619.1	112103	112172	1
CP142619.1	112172	112942	0
CP142619.1	112942	112968	1
CP142619.1	112968	112969	0
CP142619.1	112969	113037	1
CP142619.1	113037	113168	0
CP142619.1	113168	113224	1
CP142619.1	113224	113881	0
CP142619.1	113881	114002	1
CP142619.1	114002	117450	0
CP142619.1	117450	117517	1
CP142619.1	117517	117521	0
CP142619.1	117521	117604	1
CP142619.1	117604	117605	0
CP142619.1	117605	117637	1
CP142619.1	117637	119936	0
CP142619.1	119936	120001	2
CP142619.1	120001	120322	0
CP142619.1	120322	120376	1
CP142619.1	120376	120379	0
CP142619.1	120379	120443	1
CP142619.1	120443	120444	0
CP142619.1	120444	120482	1
CP142619.1	120482	120483	0
CP142619.1	120483	120555	1
CP142619.1	120555	120713	0
CP142619.1	120713	120830	1
CP142619.1	120830	120833	0
CP142619.1	120833	120909	1
CP142619.1	120909	121128	0
CP142619.1	121128	121165	1
CP142619.1	121165	121251	2
CP142619.1	121251	121299	1
CP142619.1	121299	122714	0
CP142619.1	122714	122744	1
CP142619.1	122744	122745	0
CP142619.1	122745	122754	1
CP142619.1	122754	122755	0
CP142619.1	122755	122802	1
CP142619.1	122802	122939	0
CP142619.1	122939	123213	1
CP142619.1	123213	127504	0
CP142619.1	127504	127570	1
CP142619.1	127570	128579	0
CP142619.1	128579	128676	1
CP142619.1	128676	128678	0
CP142619.1	128678	128715	1
CP142619.1	128715	130523	0
CP142619.1	130523	130553	1
CP142619.1	130553	130570	0
CP142619.1	130570	130664	1
CP142619.1	130664	130665	0
CP142619.1	130665	130734	1
CP142619.1	130734	131448	0
CP142619.1	131448	131503	1
CP142619.1	131503	131504	0
CP142619.1	131504	131545	1
CP142619.1	131545	131546	0
CP142619.1	131546	131597	1
CP142619.1	131597	131643	0
CP142619.1	131643	131752	1
CP142619.1	131752	132048	0
CP142619.1	132048	132118	1
CP142619.1	132118	132119	0
CP142619.1	132119	132169	1
CP142619.1	132169	133465	0
CP142619.1	133465	133579	1
CP142619.1	133579	136897	0
CP142619.1	136897	136977	1
CP142619.1	136977	138575	0
CP142619.1	138575	138706	1
CP142619.1	138706	138829	0
CP142619.1	138829	138877	1
CP142619.1	138877	139908	0
CP142619.1	139908	139976	1
CP142619.1	139976	140441	0
CP142619.1	140441	140550	1
CP142619.1	140550	140928	0
CP142619.1	140928	140967	1
CP142619.1	140967	140968	0
CP142619.1	140968	141004	1
CP142619.1	141004	142586	0
CP142619.1	142586	142675	1
CP142619.1	142675	142677	0
CP142619.1	142677	142700	1
CP142619.1	142700	142819	0
CP142619.1	142819	142858	1
CP142619.1	142858	142859	0
CP142619.1	142859	142899	1
CP142619.1	142899	144172	0
CP142619.1	144172	144200	1
CP142619.1	144200	144202	0
CP142619.1	144202	144247	1
CP142619.1	144247	144250	0
CP142619.1	144250	144273	1
CP142619.1	144273	146529	0
CP142619.1	146529	146547	1
CP142619.1	146547	146548	0
CP142619.1	146548	146607	1
CP142619.1	146607	151568	0
CP142619.1	151568	151579	1
CP142619.1	151579	151583	0
CP142619.1	151583	151641	1
CP142619.1	151641	151642	0
CP142619.1	151642	151660	1
CP142619.1	151660	151661	0
CP142619.1	151661	151680	1
CP142619.1	151680	152227	0
CP142619.1	152227	152271	1
CP142619.1	152271	152272	0
CP142619.1	152272	152287	1
CP142619.1	152287	152385	0
CP142619.1	152385	152410	1
CP142619.1	152410	152411	0
CP142619.1	152411	152490	1
CP142619.1	152490	153494	0
CP142619.1	153494	153525	1
CP142619.1	153525	153527	0
CP142619.1	153527	153577	1
CP142619.1	153577	153588	0
CP142619.1	153588	153640	1
CP142619.1	153640	153746	0
CP142619.1	153746	153800	1
CP142619.1	153800	155783	0
CP142619.1	155783	155851	1
CP142619.1	155851	157330	0
CP142619.1	157330	157361	1
CP142619.1	157361	157370	0
CP142619.1	157370	157449	1
CP142619.1	157449	158238	0
CP142619.1	158238	158290	1
CP142619.1	158290	158291	0
CP142619.1	158291	158404	1
CP142619.1	158404	158676	0
CP142619.1	158676	158686	1
CP142619.1	158686	158689	0
CP142619.1	158689	158816	1
CP142619.1	158816	159584	0
CP142619.1	159584	159599	1
CP142619.1	159599	159603	0
CP142619.1	159603	159641	1
CP142619.1	159641	159652	0
CP142619.1	159652	159733	1
CP142619.1	159733	161355	0
CP142619.1	161355	161416	1
CP142619.1	161416	161597	0
CP142619.1	161597	161691	1
CP142619.1	161691	161697	2
CP142619.1	161697	161792	1
CP142619.1	161792	161821	0
CP142619.1	161821	161907	1
CP142619.1	161907	163414	0
CP142619.1	163414	163493	1
CP142619.1	163493	165139	0
CP142619.1	165139	165231	1
CP142619.1	165231	165232	0
CP142619.1	165232	165285	1
CP142619.1	165285	167712	0
CP142619.1	167712	167800	1
CP142619.1	167800	167832	2
CP142619.1	167832	167836	1
CP142619.1	167836	167845	0
CP142619.1	167845	167910	1
CP142619.1	167910	168158	0
CP142619.1	168158	168187	1
CP142619.1	168187	168192	0
CP142619.1	168192	168229	1
CP142619.1	168229	169465	0
CP142619.1	169465	169476	1
CP142619.1	169476	169487	2
CP142619.1	169487	169489	1
CP142619.1	169489	169510	2
CP142619.1	169510	169511	1
CP142619.1	169511	169543	2
CP142619.1	169543	169551	1
CP142619.1	169551	169552	0
CP142619.1	169552	169600	1
CP142619.1	169600	169627	0
CP142619.1	169627	169675	1
CP142619.1	169675	169677	0
CP142619.1	169677	169756	1
CP142619.1	169756	174897	0
CP142619.1	174897	175052	1
CP142619.1	175052	175075	0
CP142619.1	175075	175186	1
CP142619.1	175186	176165	0
CP142619.1	176165	176328	1
CP142619.1	176328	176329	0
CP142619.1	176329	176349	1
CP142619.1	176349	176963	0
CP142619.1	176963	177046	1
CP142619.1	177046	177811	0
CP142619.1	177811	177875	1
CP142619.1	177875	178073	0
CP142619.1	178073	178162	1
CP142619.1	178162	178180	2
CP142619.1	178180	178210	1
CP142619.1	178210	178275	0
CP142619.1	178275	178330	1
CP142619.1	178330	178331	0
CP142619.1	178331	178371	1
CP142619.1	178371	178372	0
CP142619.1	178372	178401	1
CP142619.1	178401	178932	0
CP142619.1	178932	178956	1
CP142619.1	178956	178957	0
CP142619.1	178957	179014	1
CP142619.1	179014	180169	0
CP142619.1	180169	180201	1
CP142619.1	180201	180616	0
CP142619.1	180616	180697	1
CP142619.1	180697	181492	0
CP142619.1	181492	181502	1
CP142619.1	181502	181503	0
CP142619.1	181503	181632	1
CP142619.1	181632	181836	0
CP142619.1	181836	181889	1
CP142619.1	181889	182696	0
CP142619.1	182696	182826	1
CP142619.1	182826	183302	0
CP142619.1	183302	183438	1
CP142619.1	183438	183452	0
CP142619.1	183452	183484	1
CP142619.1	183484	183498	0
CP142619.1	183498	183568	1
CP142619.1	183568	183671	0
CP142619.1	183671	183738	1
CP142619.1	183738	186814	0
CP142619.1	186814	186842	1
CP142619.1	186842	186843	0
CP142619.1	186843	186876	1
CP142619.1	186876	186879	0
CP142619.1	186879	186918	1
CP142619.1	186918	187273	0
CP142619.1	187273	187374	1
CP142619.1	187374	187798	0
CP142619.1	187798	187801	1
CP142619.1	187801	187802	0
CP142619.1	187802	187838	1
CP142619.1	187838	187848	0
CP142619.1	187848	187878	1
CP142619.1	187878	192212	0
CP142619.1	192212	192264	1
CP142619.1	192264	192265	0
CP142619.1	192265	192299	1
CP142619.1	192299	192300	0
CP142619.1	192300	192321	1
CP142619.1	192321	192324	0
CP142619.1	192324	192371	1
CP142619.1	192371	192531	0
CP142619.1	192531	192629	1
CP142619.1	192629	192630	0
CP142619.1	192630	192691	1
CP142619.1	192691	192693	0
CP142619.1	192693	192771	1
CP142619.1	192771	192875	0
CP142619.1	192875	192942	1
CP142619.1	192942	194901	0
CP142619.1	194901	194921	1
CP142619.1	194921	194962	2
CP142619.1	194962	194963	1
CP142619.1	194963	195031	2
CP142619.1	195031	195054	1
CP142619.1	195054	195123	0
CP142619.1	195123	195233	1
CP142619.1	195233	195334	0
CP142619.1	195334	195344	1
CP142619.1	195344	195345	0
CP142619.1	195345	195398	1
CP142619.1	195398	196744	0
CP142619.1	196744	196838	1
CP142619.1	196838	197157	0
CP142619.1	197157	197243	1
CP142619.1	197243	198037	0
CP142619.1	198037	198071	1
CP142619.1	198071	198072	0
CP142619.1	198072	198097	1
CP142619.1	198097	198514	0
CP142619.1	198514	198585	1
CP142619.1	198585	198606	2
CP142619.1	198606	198665	1
CP142619.1	198665	199629	0
CP142619.1	199629	199705	1
CP142619.1	199705	199739	2
CP142619.1	199739	199782	1
CP142619.1	199782	200273	0
CP142619.1	200273	200416	1
CP142619.1	200416	200997	0
CP142619.1	200997	201035	1
CP142619.1	201035	201534	0
CP142619.1	201534	201772	1
CP142619.1	201772	204065	0
CP142619.1	204065	204184	1
CP142619.1	204184	204206	0
CP142619.1	204206	204239	1
CP142619.1	204239	204242	0
CP142619.1	204242	204340	1
CP142619.1	204340	204782	0
CP142619.1	204782	204938	1
CP142619.1	204938	205180	0
CP142619.1	205180	205266	1
CP142619.1	205266	205586	0
CP142619.1	205586	205600	1
CP142619.1	205600	205604	0
CP142619.1	205604	205632	1
CP142619.1	205632	205635	0
CP142619.1	205635	205685	1
CP142619.1	205685	206084	0
CP142619.1	206084	206148	1
CP142619.1	206148	206151	0
CP142619.1	206151	206162	1
CP142619.1	206162	206164	0
CP142619.1	206164	206180	1
CP142619.1	206180	206181	0
CP142619.1	206181	206238	1
CP142619.1	206238	208239	0
CP142619.1	208239	208307	1
CP142619.1	208307	209137	0
CP142619.1	209137	209270	1
CP142619.1	209270	209559	0
CP142619.1	209559	209644	1
CP142619.1	209644	209647	0
CP142619.1	209647	209794	1
CP142619.1	209794	210261	0
CP142619.1	210261	210327	1
CP142619.1	210327	210329	0
CP142619.1	210329	210430	1
CP142619.1	210430	210834	0
CP142619.1	210834	210864	1
CP142619.1	210864	210865	0
CP142619.1	210865	210905	1
CP142619.1	210905	211225	0
CP142619.1	211225	211338	1
CP142619.1	211338	211554	0
CP142619.1	211554	211628	1
CP142619.1	211628	211713	0
CP142619.1	211713	211917	1
CP142619.1	211917	214316	0
CP142619.1	214316	214342	1
CP142619.1	214342	214344	0
CP142619.1	214344	214431	1
CP142619.1	214431	214432	0
CP142619.1	214432	214475	1
CP142619.1	214475	215780	0
CP142619.1	215780	215811	1
CP142619.1	215811	215813	0
CP142619.1	215813	215869	1
CP142619.1	215869	216176	0
CP142619.1	216176	216229	1
CP142619.1	216229	217086	0
CP142619.1	217086	217232	1
CP142619.1	217232	217267	2
CP142619.1	217267	217271	1
CP142619.1	217271	217287	2
CP142619.1	217287	217289	1
CP142619.1	217289	217301	2
CP142619.1	217301	217302	0
CP142619.1	217302	217313	1
CP142619.1	217313	217344	2
CP142619.1	217344	217365	1
CP142619.1	217365	217494	0
CP142619.1	217494	217540	1
CP142619.1	217540	217541	0
CP142619.1	217541	217566	1
CP142619.1	217566	217567	0
CP142619.1	217567	217637	1
CP142619.1	217637	217646	0
CP142619.1	217646	217725	1
CP142619.1	217725	217729	0
CP142619.1	217729	217782	1
CP142619.1	217782	218121	0
CP142619.1	218121	218167	1
CP142619.1	218167	218525	0
CP142619.1	218525	218590	1
CP142619.1	218590	218833	0
CP142619.1	218833	218931	1
CP142619.1	218931	219444	0
CP142619.1	219444	219470	1
CP142619.1	219470	219473	0
CP142619.1	219473	219508	1
CP142619.1	219508	221345	0
CP142619.1	221345	221407	1
CP142619.1	221407	221408	0
CP142619.1	221408	221421	1
CP142619.1	221421	221656	0
CP142619.1	221656	221839	1
CP142619.1	221839	222232	0
CP142619.1	222232	222292	1
CP142619.1	222292	222444	0
CP142619.1	222444	222492	1
CP142619.1	222492	222654	0
CP142619.1	222654	222816	1
CP142619.1	222816	222819	0
CP142619.1	222819	222869	1
CP142619.1	222869	223276	0
CP142619.1	223276	223373	1
CP142619.1	223373	223900	0
CP142619.1	223900	223982	1
CP142619.1	223982	224648	0
CP142619.1	224648	224696	1
CP142619.1	224696	224994	0
CP142619.1	224994	225051	1
CP142619.1	225051	225986	0
CP142619.1	225986	226026	1
CP142619.1	226026	226029	0
CP142619.1	226029	226061	1
CP142619.1	226061	226191	0
CP142619.1	226191	226279	1
CP142619.1	226279	227461	0
CP142619.1	227461	227479	1
CP142619.1	227479	227480	0
CP142619.1	227480	227525	1
CP142619.1	227525	229138	0
CP142619.1	229138	229217	1
CP142619.1	229217	229391	0
CP142619.1	229391	229476	1
CP142619.1	229476	231738	0
CP142619.1	231738	231759	1
CP142619.1	231759	231761	0
CP142619.1	231761	231832	1
CP142619.1	231832	233218	0
CP142619.1	233218	233302	1
CP142619.1	233302	233731	0
CP142619.1	233731	233814	1
CP142619.1	233814	233816	0
CP142619.1	233816	233836	1
CP142619.1	233836	233863	2
CP142619.1	233863	233866	1
CP142619.1	233866	233871	2
CP142619.1	233871	233878	1
CP142619.1	233878	233903	2
CP142619.1	233903	233913	1
CP142619.1	233913	235721	0
CP142619.1	235721	235747	1
CP142619.1	235747	235751	0
CP142619.1	235751	235775	1
CP142619.1	235775	235787	2
CP142619.1	235787	235790	1
CP142619.1	235790	235796	2
CP142619.1	235796	235797	1
CP142619.1	235797	235841	2
CP142619.1	235841	235885	1
CP142619.1	235885	235989	0
CP142619.1	235989	235997	1
CP142619.1	235997	236097	2
CP142619.1	236097	236098	1
CP142619.1	236098	236113	2
CP142619.1	236113	236153	1
CP142619.1	236153	240704	0
CP142619.1	240704	240784	1
CP142619.1	240784	240785	0
CP142619.1	240785	240813	1
CP142619.1	240813	240821	2
CP142619.1	240821	240822	1
CP142619.1	240822	240881	2
CP142619.1	240881	240959	1
CP142619.1	240959	241081	0
CP142619.1	241081	241099	1
CP142619.1	241099	241102	0
CP142619.1	241102	241172	1
CP142619.1	241172	246034	0
CP142619.1	246034	246072	1
CP142619.1	246072	246073	0
CP142619.1	246073	246093	1
CP142619.1	246093	246190	0
CP142619.1	246190	246298	1
CP142619.1	246298	246641	0
CP142619.1	246641	246659	1
CP142619.1	246659	246664	0
CP142619.1	246664	246741	1
CP142619.1	246741	250486	0
CP142619.1	250486	250561	1
CP142619.1	250561	251522	0
CP142619.1	251522	251585	1
CP142619.1	251585	251663	0
CP142619.1	251663	251767	1
CP142619.1	251767	251768	0
CP142619.1	251768	251792	1
CP142619.1	251792	256104	0
CP142619.1	256104	256277	1
CP142619.1	256277	257572	0
CP142619.1	257572	257619	1
CP142619.1	257619	262900	0
CP142619.1	262900	262949	1
CP142619.1	262949	262950	0
CP142619.1	262950	262998	1
CP142619.1	262998	263195	0
CP142619.1	263195	263262	1
CP142619.1	263262	263263	0
CP142619.1	263263	263298	1
CP142619.1	263298	263299	0
CP142619.1	263299	263332	1
CP142619.1	263332	263335	0
CP142619.1	263335	263350	1
CP142619.1	263350	263351	0
CP142619.1	263351	263384	1
CP142619.1	263384	263385	0
CP142619.1	263385	263424	1
CP142619.1	263424	263425	0
CP142619.1	263425	263447	1
CP142619.1	263447	263448	0
CP142619.1	263448	263477	1
CP142619.1	263477	263479	0
CP142619.1	263479	263600	1
CP142619.1	263600	266982	0
CP142619.1	266982	267068	1
CP142619.1	267068	267529	0
CP142619.1	267529	267549	1
CP142619.1	267549	267552	0
CP142619.1	267552	267567	1
CP142619.1	267567	267570	0
CP142619.1	267570	267600	1
CP142619.1	267600	267604	0
CP142619.1	267604	267614	1
CP142619.1	267614	267617	0
CP142619.1	267617	267636	1
CP142619.1	267636	271293	0
CP142619.1	271293	271360	1
CP142619.1	271360	271361	0
CP142619.1	271361	271382	1
CP142619.1	271382	271732	0
CP142619.1	271732	271770	1
CP142619.1	271770	271785	0
CP142619.1	271785	271867	1
CP142619.1	271867	271869	0
CP142619.1	271869	271947	1
CP142619.1	271947	273015	0
CP142619.1	273015	273154	1
CP142619.1	273154	273155	0
CP142619.1	273155	273325	1
CP142619.1	273325	273409	0
CP142619.1	273409	273487	1
CP142619.1	273487	273488	0
CP142619.1	273488	273501	1
CP142619.1	273501	273536	0
CP142619.1	273536	273585	1
CP142619.1	273585	273586	0
CP142619.1	273586	273636	1
CP142619.1	273636	273640	0
CP142619.1	273640	273683	1
CP142619.1	273683	273685	0
CP142619.1	273685	273794	1
CP142619.1	273794	275891	0
CP142619.1	275891	275973	1
CP142619.1	275973	283932	0
CP142619.1	283932	284018	1
CP142619.1	284018	284021	0
CP142619.1	284021	284063	1
CP142619.1	284063	284435	0
CP142619.1	284435	284751	1
CP142619.1	284751	285383	0
CP142619.1	285383	285392	1
CP142619.1	285392	285394	0
CP142619.1	285394	285460	1
CP142619.1	285460	288529	0
CP142619.1	288529	288588	1
CP142619.1	288588	288591	0
CP142619.1	288591	288604	1
CP142619.1	288604	288606	0
CP142619.1	288606	288642	1
CP142619.1	288642	290772	0
CP142619.1	290772	290841	1
CP142619.1	290841	290846	0
CP142619.1	290846	290972	1
CP142619.1	290972	291390	0
CP142619.1	291390	291393	1
CP142619.1	291393	291394	0
CP142619.1	291394	291447	1
CP142619.1	291447	291453	2
CP142619.1	291453	291477	1
CP142619.1	291477	291479	0
CP142619.1	291479	291568	1
CP142619.1	291568	291970	0
CP142619.1	291970	292016	1
CP142619.1	292016	292018	0
CP142619.1	292018	292046	1
CP142619.1	292046	292072	0
CP142619.1	292072	292103	1
CP142619.1	292103	292121	0
CP142619.1	292121	292179	1
CP142619.1	292179	292919	0
CP142619.1	292919	292937	1
CP142619.1	292937	292938	0
CP142619.1	292938	293005	1
CP142619.1	293005	293006	0
CP142619.1	293006	293025	1
CP142619.1	293025	294254	0
CP142619.1	294254	294368	1
CP142619.1	294368	294414	0
CP142619.1	294414	294475	1
CP142619.1	294475	295560	0
CP142619.1	295560	295619	1
CP142619.1	295619	295633	0
CP142619.1	295633	295709	1
CP142619.1	295709	295712	0
CP142619.1	295712	295732	1
CP142619.1	295732	296224	0
CP142619.1	296224	296291	1
CP142619.1	296291	296479	0
CP142619.1	296479	296554	1
CP142619.1	296554	297633	0
CP142619.1	297633	297718	1
CP142619.1	297718	297719	0
CP142619.1	297719	297750	1
CP142619.1	297750	297751	0
CP142619.1	297751	297842	1
CP142619.1	297842	298952	0
CP142619.1	298952	298990	1
CP142619.1	298990	299013	0
CP142619.1	299013	299065	1
CP142619.1	299065	299066	0
CP142619.1	299066	299073	1
CP142619.1	299073	299074	0
CP142619.1	299074	299110	1
CP142619.1	299110	299114	0
CP142619.1	299114	299163	1
CP142619.1	299163	299166	0
CP142619.1	299166	299185	1
CP142619.1	299185	300942	0
CP142619.1	300942	301131	1
CP142619.1	301131	301762	0
CP142619.1	301762	301765	1
CP142619.1	301765	301780	2
CP142619.1	301780	301781	1
CP142619.1	301781	301801	2
CP142619.1	301801	301806	1
CP142619.1	301806	301809	0
CP142619.1	301809	301831	1
CP142619.1	301831	301898	0
CP142619.1	301898	301945	1
CP142619.1	301945	304725	0
CP142619.1	304725	304743	1
CP142619.1	304743	304744	0
CP142619.1	304744	304754	1
CP142619.1	304754	304760	2
CP142619.1	304760	304767	1
CP142619.1	304767	304807	2
CP142619.1	304807	304812	1
CP142619.1	304812	306284	0
CP142619.1	306284	306351	1
CP142619.1	306351	306353	0
CP142619.1	306353	306431	1
CP142619.1	306431	306559	0
CP142619.1	306559	306602	1
CP142619.1	306602	306633	2
CP142619.1	306633	306787	0
CP142619.1	306787	306813	1
CP142619.1	306813	306817	0
CP142619.1	306817	306871	1
CP142619.1	306871	306875	0
CP142619.1	306875	306888	1
CP142619.1	306888	306889	0
CP142619.1	306889	306945	1
CP142619.1	306945	306946	0
CP142619.1	306946	307002	1
CP142619.1	307002	307019	2
CP142619.1	307019	307020	1
CP142619.1	307020	307046	2
CP142619.1	307046	307080	1
CP142619.1	307080	307838	0
CP142619.1	307838	307891	1
CP142619.1	307891	309463	0
CP142619.1	309463	309491	1
CP142619.1	309491	309492	0
CP142619.1	309492	309520	1
CP142619.1	309520	309524	0
CP142619.1	309524	309674	1
CP142619.1	309674	310364	0
CP142619.1	310364	310518	1
CP142619.1	310518	314672	0
CP142619.1	314672	314777	1
CP142619.1	314777	315177	0
CP142619.1	315177	315234	1
CP142619.1	315234	315235	0
CP142619.1	315235	315325	1
CP142619.1	315325	315326	0
CP142619.1	315326	315388	1
CP142619.1	315388	315391	0
CP142619.1	315391	315393	1
CP142619.1	315393	315394	0
CP142619.1	315394	315431	1
CP142619.1	315431	315436	0
CP142619.1	315436	315501	1
CP142619.1	315501	315599	0
CP142619.1	315599	315683	1
CP142619.1	315683	317770	0
CP142619.1	317770	317852	1
CP142619.1	317852	318114	0
CP142619.1	318114	318247	1
CP142619.1	318247	318892	0
CP142619.1	318892	318970	1
CP142619.1	318970	320540	0
CP142619.1	320540	320716	1
CP142619.1	320716	321228	0
CP142619.1	321228	321287	1
CP142619.1	321287	321288	0
CP142619.1	321288	321322	1
CP142619.1	321322	322291	0
CP142619.1	322291	322477	1
CP142619.1	322477	322478	0
CP142619.1	322478	322521	1
CP142619.1	322521	322595	0
CP142619.1	322595	322617	1
CP142619.1	322617	322618	0
CP142619.1	322618	322683	1
CP142619.1	322683	323402	0
CP142619.1	323402	323506	1
CP142619.1	323506	323649	0
CP142619.1	323649	323693	1
CP142619.1	323693	323694	0
CP142619.1	323694	323728	1
CP142619.1	323728	323737	0
CP142619.1	323737	323751	1
CP142619.1	323751	324095	0
CP142619.1	324095	324116	1
CP142619.1	324116	324136	2
CP142619.1	324136	324201	1
CP142619.1	324201	324212	0
CP142619.1	324212	324252	1
CP142619.1	324252	325290	0
CP142619.1	325290	325457	1
CP142619.1	325457	326108	0
CP142619.1	326108	326264	1
CP142619.1	326264	326266	0
CP142619.1	326266	326312	1
CP142619.1	326312	326313	0
CP142619.1	326313	326341	1
CP142619.1	326341	326614	0
CP142619.1	326614	326665	1
CP142619.1	326665	327303	0
CP142619.1	327303	327335	1
CP142619.1	327335	327337	0
CP142619.1	327337	327344	1
CP142619.1	327344	327345	0
CP142619.1	327345	327426	1
CP142619.1	327426	328924	0
CP142619.1	328924	328985	1
CP142619.1	328985	328987	0
CP142619.1	328987	329020	1
CP142619.1	329020	330337	0
CP142619.1	330337	330379	1
CP142619.1	330379	333585	0
CP142619.1	333585	333640	1
CP142619.1	333640	333641	0
CP142619.1	333641	333763	1
CP142619.1	333763	335163	0
CP142619.1	335163	335275	1
CP142619.1	335275	337488	0
CP142619.1	337488	337554	1
CP142619.1	337554	337557	0
CP142619.1	337557	337600	1
CP142619.1	337600	338716	0
CP142619.1	338716	338720	1
CP142619.1	338720	338769	2
CP142619.1	338769	338780	1
CP142619.1	338780	339887	0
CP142619.1	339887	339931	1
CP142619.1	339931	339932	0
CP142619.1	339932	340111	1
CP142619.1	340111	341738	0
CP142619.1	341738	341799	1
CP142619.1	341799	341800	0
CP142619.1	341800	341904	1
CP142619.1	341904	341905	0
CP142619.1	341905	342063	1
CP142619.1	342063	342774	0
CP142619.1	342774	342830	1
CP142619.1	342830	342831	0
CP142619.1	342831	342917	1
CP142619.1	342917	343737	0
CP142619.1	343737	343807	1
CP142619.1	343807	343819	0
CP142619.1	343819	343868	1
CP142619.1	343868	347086	0
CP142619.1	347086	347112	1
CP142619.1	347112	347113	0
CP142619.1	347113	347161	1
CP142619.1	347161	347273	0
CP142619.1	347273	347292	1
CP142619.1	347292	347294	0
CP142619.1	347294	347315	1
CP142619.1	347315	347318	0
CP142619.1	347318	347362	1
CP142619.1	347362	347838	0
CP142619.1	347838	347934	1
CP142619.1	347934	348663	0
CP142619.1	348663	348669	1
CP142619.1	348669	348672	0
CP142619.1	348672	348750	1
CP142619.1	348750	348753	0
CP142619.1	348753	348780	1
CP142619.1	348780	348791	2
CP142619.1	348791	348839	1
CP142619.1	348839	348859	0
CP142619.1	348859	348881	1
CP142619.1	348881	348885	0
CP142619.1	348885	349019	1
CP142619.1	349019	349604	0
CP142619.1	349604	349704	1
CP142619.1	349704	350920	0
CP142619.1	350920	350984	1
CP142619.1	350984	352925	0
CP142619.1	352925	353007	2
CP142619.1	353007	353026	1
CP142619.1	353026	353672	0
CP142619.1	353672	353695	1
CP142619.1	353695	353697	0
CP142619.1	353697	353723	1
CP142619.1	353723	353839	0
CP142619.1	353839	353915	1
CP142619.1	353915	355277	0
CP142619.1	355277	355332	1
CP142619.1	355332	356127	0
CP142619.1	356127	356262	1
CP142619.1	356262	356350	0
CP142619.1	356350	356476	1
CP142619.1	356476	356984	0
CP142619.1	356984	357078	1
CP142619.1	357078	358365	0
CP142619.1	358365	358485	1
CP142619.1	358485	359936	0
CP142619.1	359936	359995	1
CP142619.1	359995	360053	2
CP142619.1	360053	360104	1
CP142619.1	360104	361170	0
CP142619.1	361170	361211	1
CP142619.1	361211	362022	0
CP142619.1	362022	362165	1
CP142619.1	362165	362167	0
CP142619.1	362167	362328	1
CP142619.1	362328	365244	0
CP142619.1	365244	365333	1
CP142619.1	365333	369665	0
CP142619.1	369665	369706	1
CP142619.1	369706	369716	0
CP142619.1	369716	369758	1
CP142619.1	369758	369913	0
CP142619.1	369913	369940	1
CP142619.1	369940	369951	0
CP142619.1	369951	370046	1
CP142619.1	370046	373028	0
CP142619.1	373028	373047	1
CP142619.1	373047	373048	0
CP142619.1	373048	373093	1
CP142619.1	373093	374796	0
CP142619.1	374796	374829	1
CP142619.1	374829	374830	0
CP142619.1	374830	374917	1
CP142619.1	374917	378450	0
CP142619.1	378450	378484	1
CP142619.1	378484	378489	0
CP142619.1	378489	378723	1
CP142619.1	378723	378910	0
CP142619.1	378910	378935	1
CP142619.1	378935	379010	2
CP142619.1	379010	379021	1
CP142619.1	379021	379027	0
CP142619.1	379027	379051	1
CP142619.1	379051	379398	0
CP142619.1	379398	379515	1
CP142619.1	379515	379516	0
CP142619.1	379516	379569	1
CP142619.1	379569	379655	2
CP142619.1	379655	379684	1
CP142619.1	379684	380310	0
CP142619.1	380310	380322	1
CP142619.1	380322	380324	0
CP142619.1	380324	380426	1
CP142619.1	380426	381076	0
CP142619.1	381076	381143	1
CP142619.1	381143	381194	2
CP142619.1	381194	381220	1
CP142619.1	381220	381221	0
CP142619.1	381221	381230	1
CP142619.1	381230	381331	0
CP142619.1	381331	381370	1
CP142619.1	381370	381373	0
CP142619.1	381373	381389	1
CP142619.1	381389	381830	0
CP142619.1	381830	381867	1
CP142619.1	381867	381871	0
CP142619.1	381871	381899	1
CP142619.1	381899	383314	0
CP142619.1	383314	383390	1
CP142619.1	383390	383391	0
CP142619.1	383391	383425	1
CP142619.1	383425	384111	0
CP142619.1	384111	384281	1
CP142619.1	384281	384283	0
CP142619.1	384283	384319	1
CP142619.1	384319	384642	0
CP142619.1	384642	384685	1
CP142619.1	384685	384686	0
CP142619.1	384686	384769	1
CP142619.1	384769	385948	0
CP142619.1	385948	385965	1
CP142619.1	385965	385968	0
CP142619.1	385968	385983	1
CP142619.1	385983	385987	0
CP142619.1	385987	386001	1
CP142619.1	386001	386005	0
CP142619.1	386005	386062	1
CP142619.1	386062	386507	0
CP142619.1	386507	386582	1
CP142619.1	386582	386585	0
CP142619.1	386585	386600	1
CP142619.1	386600	386607	0
CP142619.1	386607	386611	1
CP142619.1	386611	386612	0
CP142619.1	386612	386616	1
CP142619.1	386616	386617	0
CP142619.1	386617	386631	1
CP142619.1	386631	386632	0
CP142619.1	386632	386696	1
CP142619.1	386696	386697	0
CP142619.1	386697	386767	1
CP142619.1	386767	387096	0
CP142619.1	387096	387188	1
CP142619.1	387188	389052	0
CP142619.1	389052	389126	1
CP142619.1	389126	391090	0
CP142619.1	391090	391106	1
CP142619.1	391106	391109	0
CP142619.1	391109	391157	1
CP142619.1	391157	391158	0
CP142619.1	391158	391175	1
CP142619.1	391175	391750	0
CP142619.1	391750	391829	1
CP142619.1	391829	393942	0
CP142619.1	393942	394018	1
CP142619.1	394018	394021	0
CP142619.1	394021	394044	1
CP142619.1	394044	394050	0
CP142619.1	394050	394097	1
CP142619.1	394097	395943	0
CP142619.1	395943	396071	1
CP142619.1	396071	396072	0
CP142619.1	396072	396105	2
CP142619.1	396105	396106	1
CP142619.1	396106	396128	2
CP142619.1	396128	396179	1
CP142619.1	396179	397293	0
CP142619.1	397293	397410	1
CP142619.1	397410	397785	0
CP142619.1	397785	397851	1
CP142619.1	397851	398172	0
CP142619.1	398172	398242	1
CP142619.1	398242	399590	0
CP142619.1	399590	399630	1
CP142619.1	399630	399805	0
CP142619.1	399805	399865	1
CP142619.1	399865	399866	0
CP142619.1	399866	399918	1
CP142619.1	399918	400366	0
CP142619.1	400366	400390	1
CP142619.1	400390	400430	2
CP142619.1	400430	400436	1
CP142619.1	400436	401616	0
CP142619.1	401616	401700	1
CP142619.1	401700	401701	0
CP142619.1	401701	401824	1
CP142619.1	401824	401825	0
CP142619.1	401825	401851	1
CP142619.1	401851	404156	0
CP142619.1	404156	404234	1
CP142619.1	404234	404483	0
CP142619.1	404483	404576	1
CP142619.1	404576	404580	0
CP142619.1	404580	404634	1
CP142619.1	404634	405688	0
CP142619.1	405688	405704	1
CP142619.1	405704	405706	0
CP142619.1	405706	405726	1
CP142619.1	405726	405727	0
CP142619.1	405727	405764	1
CP142619.1	405764	410250	0
CP142619.1	410250	410309	1
CP142619.1	410309	413075	0
CP142619.1	413075	413108	1
CP142619.1	413108	413112	0
CP142619.1	413112	413169	1
CP142619.1	413169	413589	0
CP142619.1	413589	413633	1
CP142619.1	413633	413634	0
CP142619.1	413634	413730	1
CP142619.1	413730	414929	0
CP142619.1	414929	415013	1
CP142619.1	415013	417069	0
CP142619.1	417069	417115	1
CP142619.1	417115	417899	0
CP142619.1	417899	417954	1
CP142619.1	417954	418186	0
CP142619.1	418186	418198	1
CP142619.1	418198	418199	0
CP142619.1	418199	418273	1
CP142619.1	418273	419573	0
CP142619.1	419573	419610	1
CP142619.1	419610	419611	0
CP142619.1	419611	419748	1
CP142619.1	419748	419749	0
CP142619.1	419749	419824	1
CP142619.1	419824	421438	0
CP142619.1	421438	421491	1
CP142619.1	421491	422902	0
CP142619.1	422902	423085	1
CP142619.1	423085	424196	0
CP142619.1	424196	424248	1
CP142619.1	424248	425170	0
CP142619.1	425170	425241	1
CP142619.1	425241	425242	0
CP142619.1	425242	425255	1
CP142619.1	425255	425708	0
CP142619.1	425708	425921	1
CP142619.1	425921	427277	0
CP142619.1	427277	427287	1
CP142619.1	427287	427289	0
CP142619.1	427289	427366	1
CP142619.1	427366	427457	2
CP142619.1	427457	427461	1
CP142619.1	427461	427832	0
CP142619.1	427832	427892	1
CP142619.1	427892	429309	0
CP142619.1	429309	429427	1
CP142619.1	429427	429449	0
CP142619.1	429449	429451	1
CP142619.1	429451	429514	2
CP142619.1	429514	429711	1
CP142619.1	429711	430178	0
CP142619.1	430178	430278	1
CP142619.1	430278	431752	0
CP142619.1	431752	431809	1
CP142619.1	431809	433583	0
CP142619.1	433583	433648	1
CP142619.1	433648	434167	0
CP142619.1	434167	434235	1
CP142619.1	434235	434336	0
CP142619.1	434336	434359	1
CP142619.1	434359	434363	0
CP142619.1	434363	434383	1
CP142619.1	434383	434385	0
CP142619.1	434385	434449	1
CP142619.1	434449	434494	0
CP142619.1	434494	434526	1
CP142619.1	434526	434527	0
CP142619.1	434527	434566	1
CP142619.1	434566	435142	0
CP142619.1	435142	435310	1
CP142619.1	435310	437204	0
CP142619.1	437204	437294	1
CP142619.1	437294	437297	0
CP142619.1	437297	437380	1
CP142619.1	437380	437381	0
CP142619.1	437381	437443	1
CP142619.1	437443	437634	0
CP142619.1	437634	437762	1
CP142619.1	437762	438551	0
CP142619.1	438551	438626	1
CP142619.1	438626	440188	0
CP142619.1	440188	440276	1
CP142619.1	440276	440869	0
CP142619.1	440869	440895	1
CP142619.1	440895	440896	0
CP142619.1	440896	440959	1
CP142619.1	440959	441361	0
CP142619.1	441361	441422	1
CP142619.1	441422	441425	0
CP142619.1	441425	441556	1
CP142619.1	441556	442000	0
CP142619.1	442000	442014	1
CP142619.1	442014	442015	0
CP142619.1	442015	442067	1
CP142619.1	442067	442339	0
CP142619.1	442339	442401	1
CP142619.1	442401	442403	0
CP142619.1	442403	442423	1
CP142619.1	442423	442424	0
CP142619.1	442424	442458	1
CP142619.1	442458	442796	0
CP142619.1	442796	442874	1
CP142619.1	442874	443791	0
CP142619.1	443791	443934	1
CP142619.1	443934	443935	0
CP142619.1	443935	443957	1
CP142619.1	443957	444577	0
CP142619.1	444577	444618	1
CP142619.1	444618	444619	0
CP142619.1	444619	444641	1
CP142619.1	444641	445028	0
CP142619.1	445028	445062	1
CP142619.1	445062	445063	0
CP142619.1	445063	445110	1
CP142619.1	445110	446848	0
CP142619.1	446848	446931	1
CP142619.1	446931	446980	0
CP142619.1	446980	447089	1
CP142619.1	447089	447458	0
CP142619.1	447458	447533	1
CP142619.1	447533	447534	0
CP142619.1	447534	447661	1
CP142619.1	447661	447729	0
CP142619.1	447729	447769	1
CP142619.1	447769	447770	0
CP142619.1	447770	447785	1
CP142619.1	447785	447992	0
CP142619.1	447992	448070	1
CP142619.1	448070	448071	0
CP142619.1	448071	448130	1
CP142619.1	448130	449400	0
CP142619.1	449400	449475	1
CP142619.1	449475	449721	0
CP142619.1	449721	449804	1
CP142619.1	449804	449995	0
CP142619.1	449995	450044	1
CP142619.1	450044	451050	0
CP142619.1	451050	451150	1
CP142619.1	451150	451258	0
CP142619.1	451258	451328	1
CP142619.1	451328	451685	0
CP142619.1	451685	451735	1
CP142619.1	451735	451736	0
CP142619.1	451736	451782	1
CP142619.1	451782	452139	0
CP142619.1	452139	452213	1
CP142619.1	452213	452219	0
CP142619.1	452219	452298	1
CP142619.1	452298	452688	0
CP142619.1	452688	452805	1
CP142619.1	452805	452838	2
CP142619.1	452838	452856	1
CP142619.1	452856	453431	0
CP142619.1	453431	453498	1
CP142619.1	453498	453499	0
CP142619.1	453499	453563	1
CP142619.1	453563	454629	0
CP142619.1	454629	454667	1
CP142619.1	454667	454668	0
CP142619.1	454668	454697	1
CP142619.1	454697	454947	0
CP142619.1	454947	454965	1
CP142619.1	454965	454966	0
CP142619.1	454966	455044	1
CP142619.1	455044	455055	2
CP142619.1	455055	455057	1
CP142619.1	455057	455077	2
CP142619.1	455077	455142	1
CP142619.1	455142	455144	0
CP142619.1	455144	455169	1
CP142619.1	455169	455170	0
CP142619.1	455170	455196	1
CP142619.1	455196	457955	0
CP142619.1	457955	458046	1
CP142619.1	458046	458047	0
CP142619.1	458047	458058	1
CP142619.1	458058	459123	0
CP142619.1	459123	459139	1
CP142619.1	459139	459140	0
CP142619.1	459140	459239	1
CP142619.1	459239	460196	0
CP142619.1	460196	460267	1
CP142619.1	460267	460575	0
CP142619.1	460575	460642	1
CP142619.1	460642	460699	0
CP142619.1	460699	460765	1
CP142619.1	460765	464994	0
CP142619.1	464994	465127	1
CP142619.1	465127	466443	0
CP142619.1	466443	466476	1
CP142619.1	466476	466517	2
CP142619.1	466517	466518	1
CP142619.1	466518	466543	2
CP142619.1	466543	466548	1
CP142619.1	466548	467831	0
CP142619.1	467831	467937	1
CP142619.1	467937	471071	0
CP142619.1	471071	471115	1
CP142619.1	471115	476313	0
CP142619.1	476313	476455	1
CP142619.1	476455	476460	0
CP142619.1	476460	476536	1
CP142619.1	476536	479254	0
CP142619.1	479254	479302	1
CP142619.1	479302	479552	0
CP142619.1	479552	479600	1
CP142619.1	479600	480742	0
CP142619.1	480742	480844	1
CP142619.1	480844	481259	0
CP142619.1	481259	481394	1
CP142619.1	481394	482248	0
CP142619.1	482248	482265	1
CP142619.1	482265	482327	2
CP142619.1	482327	482330	1
CP142619.1	482330	482361	2
CP142619.1	482361	482362	1
CP142619.1	482362	482436	2
CP142619.1	482436	482437	1
CP142619.1	482437	482440	2
CP142619.1	482440	482515	1
CP142619.1	482515	483051	0
CP142619.1	483051	483097	1
CP142619.1	483097	483099	0
CP142619.1	483099	483134	1
CP142619.1	483134	483360	0
CP142619.1	483360	483437	1
CP142619.1	483437	483439	0
CP142619.1	483439	483525	1
CP142619.1	483525	483700	0
CP142619.1	483700	483796	1
CP142619.1	483796	484140	0
CP142619.1	484140	484178	1
CP142619.1	484178	484179	0
CP142619.1	484179	484234	1
CP142619.1	484234	484272	0
CP142619.1	484272	484365	1
CP142619.1	484365	487916	0
CP142619.1	487916	487966	1
CP142619.1	487966	487984	0
CP142619.1	487984	488028	1
CP142619.1	488028	488029	0
CP142619.1	488029	488065	1
CP142619.1	488065	488066	0
CP142619.1	488066	488084	1
CP142619.1	488084	490942	0
CP142619.1	490942	491035	1
CP142619.1	491035	491396	0
CP142619.1	491396	491480	1
CP142619.1	491480	494254	0
CP142619.1	494254	494367	1
CP142619.1	494367	494477	0
CP142619.1	494477	494531	1
CP142619.1	494531	494643	0
CP142619.1	494643	494675	1
CP142619.1	494675	494678	0
CP142619.1	494678	494716	1
CP142619.1	494716	494717	0
CP142619.1	494717	494801	1
CP142619.1	494801	496828	0
CP142619.1	496828	496884	1
CP142619.1	496884	496885	0
CP142619.1	496885	496914	1
CP142619.1	496914	497300	0
CP142619.1	497300	497310	1
CP142619.1	497310	497311	0
CP142619.1	497311	497312	1
CP142619.1	497312	497378	2
CP142619.1	497378	497384	0
CP142619.1	497384	497395	2
CP142619.1	497395	497428	3
CP142619.1	497428	497446	2
CP142619.1	497446	497450	0
CP142619.1	497450	497470	2
CP142619.1	497470	497575	0
CP142619.1	497575	497710	1
CP142619.1	497710	497756	0
CP142619.1	497756	497846	1
CP142619.1	497846	499434	0
CP142619.1	499434	499557	1
CP142619.1	499557	503942	0
CP142619.1	503942	504144	1
CP142619.1	504144	505790	0
CP142619.1	505790	505830	1
CP142619.1	505830	505833	0
CP142619.1	505833	505858	1
CP142619.1	505858	506743	0
CP142619.1	506743	506791	1
CP142619.1	506791	508269	0
CP142619.1	508269	508324	1
CP142619.1	508324	508341	0
CP142619.1	508341	508402	1
CP142619.1	508402	511620	0
CP142619.1	511620	511778	1
CP142619.1	511778	512693	0
CP142619.1	512693	512708	1
CP142619.1	512708	512709	0
CP142619.1	512709	512759	1
CP142619.1	512759	514061	0
CP142619.1	514061	514123	1
CP142619.1	514123	518034	0
CP142619.1	518034	518128	1
CP142619.1	518128	518865	0
CP142619.1	518865	518927	1
CP142619.1	518927	520695	0
CP142619.1	520695	520806	1
CP142619.1	520806	520995	0
CP142619.1	520995	521033	1
CP142619.1	521033	522000	0
CP142619.1	522000	522062	1
CP142619.1	522062	522398	0
CP142619.1	522398	522564	1
CP142619.1	522564	522571	0
CP142619.1	522571	522595	1
CP142619.1	522595	523228	0
CP142619.1	523228	523301	1
CP142619.1	523301	523303	0
CP142619.1	523303	523362	1
CP142619.1	523362	523798	0
CP142619.1	523798	523871	1
CP142619.1	523871	524671	0
CP142619.1	524671	524738	1
CP142619.1	524738	524807	2
CP142619.1	524807	524907	1
CP142619.1	524907	524917	0
CP142619.1	524917	524987	1
CP142619.1	524987	526682	0
CP142619.1	526682	526731	1
CP142619.1	526731	527322	0
CP142619.1	527322	527338	1
CP142619.1	527338	527339	0
CP142619.1	527339	527409	1
CP142619.1	527409	528545	0
CP142619.1	528545	528650	1
CP142619.1	528650	528652	0
CP142619.1	528652	528718	1
CP142619.1	528718	532431	0
CP142619.1	532431	532523	1
CP142619.1	532523	532823	0
CP142619.1	532823	532850	1
CP142619.1	532850	532851	0
CP142619.1	532851	532893	1
CP142619.1	532893	533193	0
CP142619.1	533193	533232	1
CP142619.1	533232	533233	0
CP142619.1	533233	533285	1
CP142619.1	533285	533301	0
CP142619.1	533301	533361	1
CP142619.1	533361	533945	0
CP142619.1	533945	533995	1
CP142619.1	533995	533996	0
CP142619.1	533996	534033	1
CP142619.1	534033	534446	0
CP142619.1	534446	534487	1
CP142619.1	534487	534488	0
CP142619.1	534488	534509	1
CP142619.1	534509	534985	0
CP142619.1	534985	535081	1
CP142619.1	535081	535084	0
CP142619.1	535084	535096	1
CP142619.1	535096	535098	0
CP142619.1	535098	535142	1
CP142619.1	535142	535675	0
CP142619.1	535675	535708	1
CP142619.1	535708	535709	0
CP142619.1	535709	535780	1
CP142619.1	535780	536452	0
CP142619.1	536452	536520	1
CP142619.1	536520	542228	0
CP142619.1	542228	542284	1
CP142619.1	542284	545077	0
CP142619.1	545077	545112	1
CP142619.1	545112	545121	0
CP142619.1	545121	545150	1
CP142619.1	545150	545152	0
CP142619.1	545152	545272	1
CP142619.1	545272	545304	2
CP142619.1	545304	545310	1
CP142619.1	545310	545311	0
CP142619.1	545311	545314	1
CP142619.1	545314	545316	0
CP142619.1	545316	545388	1
CP142619.1	545388	545750	0
CP142619.1	545750	545862	1
CP142619.1	545862	549887	0
CP142619.1	549887	549994	1
CP142619.1	549994	550004	0
CP142619.1	550004	550042	1
CP142619.1	550042	551150	0
CP142619.1	551150	551191	1
CP142619.1	551191	551192	0
CP142619.1	551192	551270	1
CP142619.1	551270	551657	0
CP142619.1	551657	551730	1
CP142619.1	551730	554110	0
CP142619.1	554110	554167	1
CP142619.1	554167	555059	0
CP142619.1	555059	555125	1
CP142619.1	555125	555231	0
CP142619.1	555231	555262	1
CP142619.1	555262	555302	2
CP142619.1	555302	555346	1
CP142619.1	555346	558488	0
CP142619.1	558488	558634	1
CP142619.1	558634	561234	0
CP142619.1	561234	561250	1
CP142619.1	561250	561252	0
CP142619.1	561252	561292	1
CP142619.1	561292	563315	0
CP142619.1	563315	563410	1
CP142619.1	563410	564671	0
CP142619.1	564671	564687	1
CP142619.1	564687	564740	2
CP142619.1	564740	564769	1
CP142619.1	564769	566490	0
CP142619.1	566490	566622	1
CP142619.1	566622	568088	0
CP142619.1	568088	568140	1
CP142619.1	568140	570833	0
CP142619.1	570833	570900	1
CP142619.1	570900	572374	0
CP142619.1	572374	572433	1
CP142619.1	572433	573989	0
CP142619.1	573989	574026	1
CP142619.1	574026	574059	2
CP142619.1	574059	574069	1
CP142619.1	574069	574976	0
CP142619.1	574976	575036	1
CP142619.1	575036	575251	0
CP142619.1	575251	575319	1
CP142619.1	575319	576043	0
CP142619.1	576043	576074	1
CP142619.1	576074	576076	0
CP142619.1	576076	576164	1
CP142619.1	576164	576325	0
CP142619.1	576325	576465	1
CP142619.1	576465	577011	0
CP142619.1	577011	577017	1
CP142619.1	577017	577018	0
CP142619.1	577018	577146	1
CP142619.1	577146	579627	0
CP142619.1	579627	579723	1
CP142619.1	579723	582244	0
CP142619.1	582244	582368	1
CP142619.1	582368	583199	0
CP142619.1	583199	583291	1
CP142619.1	583291	583655	0
CP142619.1	583655	583694	1
CP142619.1	583694	583695	0
CP142619.1	583695	583733	1
CP142619.1	583733	584007	0
CP142619.1	584007	584020	1
CP142619.1	584020	584021	0
CP142619.1	584021	584077	1
CP142619.1	584077	584681	0
CP142619.1	584681	584772	1
CP142619.1	584772	585409	0
CP142619.1	585409	585475	1
CP142619.1	585475	585632	0
CP142619.1	585632	585654	1
CP142619.1	585654	585655	0
CP142619.1	585655	585699	1
CP142619.1	585699	585700	0
CP142619.1	585700	585743	1
CP142619.1	585743	585744	0
CP142619.1	585744	585818	1
CP142619.1	585818	585972	0
CP142619.1	585972	586010	1
CP142619.1	586010	588036	0
CP142619.1	588036	588068	1
CP142619.1	588068	588072	2
CP142619.1	588072	588138	1
CP142619.1	588138	589019	0
CP142619.1	589019	589078	1
CP142619.1	589078	589790	0
CP142619.1	589790	589842	1
CP142619.1	589842	589852	2
CP142619.1	589852	589857	1
CP142619.1	589857	589867	2
CP142619.1	589867	589869	1
CP142619.1	589869	589912	2
CP142619.1	589912	589918	1
CP142619.1	589918	589940	2
CP142619.1	589940	589946	1
CP142619.1	589946	589969	2
CP142619.1	589969	590027	1
CP142619.1	590027	590028	0
CP142619.1	590028	590040	1
CP142619.1	590040	591314	0
CP142619.1	591314	591402	1
CP142619.1	591402	592792	0
CP142619.1	592792	592885	1
CP142619.1	592885	593589	0
CP142619.1	593589	593676	1
CP142619.1	593676	596601	0
CP142619.1	596601	596652	1
CP142619.1	596652	597019	0
CP142619.1	597019	597107	1
CP142619.1	597107	600590	0
CP142619.1	600590	600644	1
CP142619.1	600644	600865	0
CP142619.1	600865	600891	1
CP142619.1	600891	600892	0
CP142619.1	600892	600929	1
CP142619.1	600929	601291	0
CP142619.1	601291	601374	1
CP142619.1	601374	602084	0
CP142619.1	602084	602169	1
CP142619.1	602169	605151	0
CP142619.1	605151	605327	1
CP142619.1	605327	608733	0
CP142619.1	608733	608794	1
CP142619.1	608794	609220	0
CP142619.1	609220	609286	1
CP142619.1	609286	609465	0
CP142619.1	609465	609499	1
CP142619.1	609499	609501	0
CP142619.1	609501	609616	1
CP142619.1	609616	610700	0
CP142619.1	610700	610809	1
CP142619.1	610809	610814	0
CP142619.1	610814	610850	1
CP142619.1	610850	613090	0
CP142619.1	613090	613154	1
CP142619.1	613154	613155	0
CP142619.1	613155	613181	1
CP142619.1	613181	613560	0
CP142619.1	613560	613680	1
CP142619.1	613680	613757	0
CP142619.1	613757	613858	1
CP142619.1	613858	614111	0
CP142619.1	614111	614221	1
CP142619.1	614221	614226	0
CP142619.1	614226	614253	1
CP142619.1	614253	616274	0
CP142619.1	616274	616355	1
CP142619.1	616355	616720	0
CP142619.1	616720	616862	1
CP142619.1	616862	616863	0
CP142619.1	616863	616904	1
CP142619.1	616904	617093	0
CP142619.1	617093	617134	1
CP142619.1	617134	617208	2
CP142619.1	617208	617293	1
CP142619.1	617293	618634	0
CP142619.1	618634	618689	1
CP142619.1	618689	620138	0
CP142619.1	620138	620231	1
CP142619.1	620231	620232	0
CP142619.1	620232	620333	1
CP142619.1	620333	623609	0
