CP142617.1	0	91	0
CP142617.1	91	127	1
CP142617.1	127	128	0
CP142617.1	128	144	1
CP142617.1	144	147	0
CP142617.1	147	169	1
CP142617.1	169	297	0
CP142617.1	297	324	2
CP142617.1	324	343	3
CP142617.1	343	351	2
CP142617.1	351	414	1
CP142617.1	414	625	0
CP142617.1	625	706	1
CP142617.1	706	1142	0
CP142617.1	1142	1178	1
CP142617.1	1178	2637	0
CP142617.1	2637	2669	1
CP142617.1	2669	2670	0
CP142617.1	2670	2707	1
CP142617.1	2707	2771	2
CP142617.1	2771	2774	1
CP142617.1	2774	2811	2
CP142617.1	2811	2824	1
CP142617.1	2824	2825	0
CP142617.1	2825	2847	1
CP142617.1	2847	3517	0
CP142617.1	3517	3564	1
CP142617.1	3564	3566	0
CP142617.1	3566	3635	1
CP142617.1	3635	3674	2
CP142617.1	3674	3704	1
CP142617.1	3704	3709	0
CP142617.1	3709	3763	1
CP142617.1	3763	5261	0
CP142617.1	5261	5367	1
CP142617.1	5367	5573	0
CP142617.1	5573	5709	1
CP142617.1	5709	5711	0
CP142617.1	5711	5729	1
CP142617.1	5729	5759	0
CP142617.1	5759	5877	1
CP142617.1	5877	7585	0
CP142617.1	7585	7710	1
CP142617.1	7710	7845	0
CP142617.1	7845	7868	1
CP142617.1	7868	7869	0
CP142617.1	7869	7927	1
CP142617.1	7927	7928	0
CP142617.1	7928	7973	1
CP142617.1	7973	9548	0
CP142617.1	9548	9666	1
CP142617.1	9666	11675	0
CP142617.1	11675	11761	1
CP142617.1	11761	12066	0
CP142617.1	12066	12179	1
CP142617.1	12179	12214	0
CP142617.1	12214	12342	1
CP142617.1	12342	12797	0
CP142617.1	12797	12893	1
CP142617.1	12893	12895	0
CP142617.1	12895	12951	1
CP142617.1	12951	14283	0
CP142617.1	14283	14387	1
CP142617.1	14387	14480	0
CP142617.1	14480	14536	1
CP142617.1	14536	14827	0
CP142617.1	14827	14901	1
CP142617.1	14901	15310	0
CP142617.1	15310	15424	1
CP142617.1	15424	16402	0
CP142617.1	16402	16445	1
CP142617.1	16445	16446	0
CP142617.1	16446	16484	1
CP142617.1	16484	16487	0
CP142617.1	16487	16511	1
CP142617.1	16511	16997	0
CP142617.1	16997	17062	1
CP142617.1	17062	17597	0
CP142617.1	17597	17678	1
CP142617.1	17678	17904	0
CP142617.1	17904	17940	1
CP142617.1	17940	17993	0
CP142617.1	17993	18008	1
CP142617.1	18008	18062	2
CP142617.1	18062	18081	1
CP142617.1	18081	18338	0
CP142617.1	18338	18423	1
CP142617.1	18423	18576	0
CP142617.1	18576	18650	1
CP142617.1	18650	18809	0
CP142617.1	18809	18864	1
CP142617.1	18864	19859	0
CP142617.1	19859	19967	1
CP142617.1	19967	20291	0
CP142617.1	20291	20436	1
CP142617.1	20436	20789	0
CP142617.1	20789	20853	1
CP142617.1	20853	21118	0
CP142617.1	21118	21147	1
CP142617.1	21147	21148	0
CP142617.1	21148	21186	1
CP142617.1	21186	21211	2
CP142617.1	21211	21213	1
CP142617.1	21213	21225	2
CP142617.1	21225	21233	1
CP142617.1	21233	21250	2
CP142617.1	21250	21266	1
CP142617.1	21266	21472	0
CP142617.1	21472	21639	1
CP142617.1	21639	21640	0
CP142617.1	21640	21662	1
CP142617.1	21662	21921	0
CP142617.1	21921	22034	1
CP142617.1	22034	22210	0
CP142617.1	22210	22320	1
CP142617.1	22320	22680	0
CP142617.1	22680	22738	1
CP142617.1	22738	22740	0
CP142617.1	22740	22778	1
CP142617.1	22778	24134	0
CP142617.1	24134	24197	1
CP142617.1	24197	25212	0
CP142617.1	25212	25281	1
CP142617.1	25281	25312	0
CP142617.1	25312	25326	1
CP142617.1	25326	25381	2
CP142617.1	25381	25383	3
CP142617.1	25383	25384	2
CP142617.1	25384	25408	3
CP142617.1	25408	25495	2
CP142617.1	25495	25500	1
CP142617.1	25500	25831	0
CP142617.1	25831	25890	1
CP142617.1	25890	26417	0
CP142617.1	26417	26543	1
CP142617.1	26543	26567	2
CP142617.1	26567	26587	1
CP142617.1	26587	26939	0
CP142617.1	26939	27005	1
CP142617.1	27005	27319	0
CP142617.1	27319	27400	1
CP142617.1	27400	27402	0
CP142617.1	27402	27445	1
CP142617.1	27445	27591	0
CP142617.1	27591	27678	1
CP142617.1	27678	28676	0
CP142617.1	28676	28686	1
CP142617.1	28686	28717	2
CP142617.1	28717	28718	1
CP142617.1	28718	28753	2
CP142617.1	28753	28900	1
CP142617.1	28900	29390	0
CP142617.1	29390	29459	1
CP142617.1	29459	30090	0
CP142617.1	30090	30188	1
CP142617.1	30188	30585	0
CP142617.1	30585	30687	1
CP142617.1	30687	31886	0
CP142617.1	31886	31912	1
CP142617.1	31912	31916	0
CP142617.1	31916	31926	1
CP142617.1	31926	31927	0
CP142617.1	31927	31988	1
CP142617.1	31988	32237	0
CP142617.1	32237	32272	1
CP142617.1	32272	33586	0
CP142617.1	33586	33636	1
CP142617.1	33636	33940	0
CP142617.1	33940	34028	1
CP142617.1	34028	34462	0
CP142617.1	34462	34578	1
CP142617.1	34578	34735	0
CP142617.1	34735	34907	1
CP142617.1	34907	35016	0
CP142617.1	35016	35040	1
CP142617.1	35040	35041	0
CP142617.1	35041	35105	1
CP142617.1	35105	35874	0
CP142617.1	35874	35940	1
CP142617.1	35940	37989	0
CP142617.1	37989	38065	1
CP142617.1	38065	39360	0
CP142617.1	39360	39427	1
CP142617.1	39427	39525	0
CP142617.1	39525	39545	1
CP142617.1	39545	39547	0
CP142617.1	39547	39644	1
CP142617.1	39644	40938	0
CP142617.1	40938	40958	1
CP142617.1	40958	40959	0
CP142617.1	40959	41001	1
CP142617.1	41001	41090	2
CP142617.1	41090	41104	1
CP142617.1	41104	41128	2
CP142617.1	41128	41144	1
CP142617.1	41144	41372	0
CP142617.1	41372	41478	1
CP142617.1	41478	41889	0
CP142617.1	41889	41937	1
CP142617.1	41937	42176	0
CP142617.1	42176	42215	1
CP142617.1	42215	42216	0
CP142617.1	42216	42239	1
CP142617.1	42239	42241	0
CP142617.1	42241	42270	1
CP142617.1	42270	43039	0
CP142617.1	43039	43185	1
CP142617.1	43185	43731	0
CP142617.1	43731	43771	1
CP142617.1	43771	44238	0
CP142617.1	44238	44332	1
CP142617.1	44332	45157	0
CP142617.1	45157	45296	1
CP142617.1	45296	45605	0
CP142617.1	45605	45725	1
CP142617.1	45725	48058	0
CP142617.1	48058	48122	1
CP142617.1	48122	48598	0
CP142617.1	48598	48705	1
CP142617.1	48705	49762	0
CP142617.1	49762	49792	1
CP142617.1	49792	49794	0
CP142617.1	49794	49855	1
CP142617.1	49855	51307	0
CP142617.1	51307	51374	1
CP142617.1	51374	51970	0
CP142617.1	51970	52038	1
CP142617.1	52038	52061	2
CP142617.1	52061	52106	1
CP142617.1	52106	53004	0
CP142617.1	53004	53120	1
CP142617.1	53120	53519	0
CP142617.1	53519	53560	1
CP142617.1	53560	53566	0
CP142617.1	53566	53607	1
CP142617.1	53607	54325	0
CP142617.1	54325	54514	1
CP142617.1	54514	54516	0
CP142617.1	54516	54557	1
CP142617.1	54557	54563	0
CP142617.1	54563	54638	1
CP142617.1	54638	55042	0
CP142617.1	55042	55091	1
CP142617.1	55091	55092	0
CP142617.1	55092	55133	1
CP142617.1	55133	55406	0
CP142617.1	55406	55492	1
CP142617.1	55492	56109	0
CP142617.1	56109	56201	1
CP142617.1	56201	58657	0
CP142617.1	58657	58757	1
CP142617.1	58757	58919	0
CP142617.1	58919	59010	1
CP142617.1	59010	59609	0
CP142617.1	59609	59645	1
CP142617.1	59645	59646	0
CP142617.1	59646	59690	1
CP142617.1	59690	60971	0
CP142617.1	60971	61041	1
CP142617.1	61041	62118	0
CP142617.1	62118	62215	1
CP142617.1	62215	62216	0
CP142617.1	62216	62247	1
CP142617.1	62247	63184	0
CP142617.1	63184	63258	1
CP142617.1	63258	63324	2
CP142617.1	63324	63325	1
CP142617.1	63325	63363	2
CP142617.1	63363	63374	1
CP142617.1	63374	63383	2
CP142617.1	63383	63410	1
CP142617.1	63410	63429	2
CP142617.1	63429	63431	1
CP142617.1	63431	63491	2
CP142617.1	63491	63494	1
CP142617.1	63494	63496	0
CP142617.1	63496	63497	1
CP142617.1	63497	63544	2
CP142617.1	63544	63591	1
CP142617.1	63591	63594	0
CP142617.1	63594	63644	1
CP142617.1	63644	63744	0
CP142617.1	63744	63790	1
CP142617.1	63790	63791	0
CP142617.1	63791	63808	1
CP142617.1	63808	64197	0
CP142617.1	64197	64250	1
CP142617.1	64250	64834	0
CP142617.1	64834	64873	1
CP142617.1	64873	64883	0
CP142617.1	64883	64955	1
CP142617.1	64955	66015	0
CP142617.1	66015	66100	1
CP142617.1	66100	69837	0
CP142617.1	69837	69898	1
CP142617.1	69898	69899	0
CP142617.1	69899	69901	1
CP142617.1	69901	69902	0
CP142617.1	69902	69930	1
CP142617.1	69930	69931	0
CP142617.1	69931	69949	1
CP142617.1	69949	69950	0
CP142617.1	69950	69952	1
CP142617.1	69952	69953	2
CP142617.1	69953	69966	3
CP142617.1	69966	69967	2
CP142617.1	69967	70016	3
CP142617.1	70016	70029	2
CP142617.1	70029	70220	1
CP142617.1	70220	70883	0
CP142617.1	70883	70947	1
CP142617.1	70947	70948	0
CP142617.1	70948	71000	1
CP142617.1	71000	72278	0
CP142617.1	72278	72323	1
CP142617.1	72323	72441	0
CP142617.1	72441	72468	1
CP142617.1	72468	72470	0
CP142617.1	72470	72595	1
CP142617.1	72595	72596	0
CP142617.1	72596	72624	1
CP142617.1	72624	73419	0
CP142617.1	73419	73567	1
CP142617.1	73567	73943	0
CP142617.1	73943	73954	1
CP142617.1	73954	73955	0
CP142617.1	73955	73997	1
CP142617.1	73997	74113	0
CP142617.1	74113	74163	1
CP142617.1	74163	74164	0
CP142617.1	74164	74181	1
CP142617.1	74181	74687	0
CP142617.1	74687	74727	1
CP142617.1	74727	74728	0
CP142617.1	74728	74824	1
CP142617.1	74824	74872	0
CP142617.1	74872	74960	1
CP142617.1	74960	75764	0
CP142617.1	75764	75780	1
CP142617.1	75780	75926	2
CP142617.1	75926	75934	1
CP142617.1	75934	76352	0
CP142617.1	76352	76354	1
CP142617.1	76354	76441	2
CP142617.1	76441	76480	1
CP142617.1	76480	76486	0
CP142617.1	76486	76561	1
CP142617.1	76561	77038	0
CP142617.1	77038	77121	1
CP142617.1	77121	77124	0
CP142617.1	77124	77134	1
CP142617.1	77134	77281	0
CP142617.1	77281	77363	1
CP142617.1	77363	77582	0
CP142617.1	77582	77700	1
CP142617.1	77700	77701	0
CP142617.1	77701	77714	1
CP142617.1	77714	77715	0
CP142617.1	77715	77741	1
CP142617.1	77741	77742	0
CP142617.1	77742	77757	1
CP142617.1	77757	77936	0
CP142617.1	77936	78018	1
CP142617.1	78018	78539	0
CP142617.1	78539	78571	1
CP142617.1	78571	78572	0
CP142617.1	78572	78659	1
CP142617.1	78659	79265	0
CP142617.1	79265	79349	1
CP142617.1	79349	79383	0
CP142617.1	79383	79465	1
CP142617.1	79465	79466	0
CP142617.1	79466	79505	1
CP142617.1	79505	80017	0
CP142617.1	80017	80108	1
CP142617.1	80108	80664	0
CP142617.1	80664	80695	1
CP142617.1	80695	80696	0
CP142617.1	80696	80759	1
CP142617.1	80759	81820	0
CP142617.1	81820	82064	1
CP142617.1	82064	82775	0
CP142617.1	82775	82817	1
CP142617.1	82817	82820	0
CP142617.1	82820	82885	1
CP142617.1	82885	84529	0
CP142617.1	84529	84717	1
CP142617.1	84717	84831	2
CP142617.1	84831	84832	1
CP142617.1	84832	84834	0
CP142617.1	84834	84835	1
CP142617.1	84835	84886	2
CP142617.1	84886	84916	1
CP142617.1	84916	85130	0
CP142617.1	85130	85200	1
CP142617.1	85200	86287	0
CP142617.1	86287	86402	1
CP142617.1	86402	86404	0
CP142617.1	86404	86427	1
CP142617.1	86427	88308	0
CP142617.1	88308	88328	1
CP142617.1	88328	88329	0
CP142617.1	88329	88374	1
CP142617.1	88374	89193	0
CP142617.1	89193	89217	1
CP142617.1	89217	89224	0
CP142617.1	89224	89276	1
CP142617.1	89276	89381	0
CP142617.1	89381	89423	1
CP142617.1	89423	89430	0
CP142617.1	89430	89555	1
CP142617.1	89555	90830	0
CP142617.1	90830	90968	1
CP142617.1	90968	92052	0
CP142617.1	92052	92099	1
CP142617.1	92099	92278	0
CP142617.1	92278	92354	1
CP142617.1	92354	92796	0
CP142617.1	92796	92878	1
CP142617.1	92878	92879	0
CP142617.1	92879	92930	1
CP142617.1	92930	92937	0
CP142617.1	92937	93000	1
CP142617.1	93000	93748	0
CP142617.1	93748	93860	1
CP142617.1	93860	93886	0
CP142617.1	93886	94018	1
CP142617.1	94018	94930	0
CP142617.1	94930	94996	1
CP142617.1	94996	95154	0
CP142617.1	95154	95231	1
CP142617.1	95231	95574	0
CP142617.1	95574	95651	1
CP142617.1	95651	96536	0
CP142617.1	96536	96598	1
CP142617.1	96598	96671	0
CP142617.1	96671	96884	1
CP142617.1	96884	98302	0
CP142617.1	98302	98372	1
CP142617.1	98372	98375	0
CP142617.1	98375	98458	1
CP142617.1	98458	98462	0
CP142617.1	98462	98488	1
CP142617.1	98488	99650	0
CP142617.1	99650	99732	1
CP142617.1	99732	99747	2
CP142617.1	99747	99775	1
CP142617.1	99775	100165	0
CP142617.1	100165	100223	1
CP142617.1	100223	100224	0
CP142617.1	100224	100268	1
CP142617.1	100268	103154	0
CP142617.1	103154	103196	1
CP142617.1	103196	103436	0
CP142617.1	103436	103473	1
CP142617.1	103473	103513	2
CP142617.1	103513	103514	1
CP142617.1	103514	103519	2
CP142617.1	103519	103574	1
CP142617.1	103574	103684	0
CP142617.1	103684	103756	1
CP142617.1	103756	103890	0
CP142617.1	103890	103962	1
CP142617.1	103962	104038	0
CP142617.1	104038	104062	1
CP142617.1	104062	104064	0
CP142617.1	104064	104190	1
CP142617.1	104190	105558	0
CP142617.1	105558	105601	1
CP142617.1	105601	105604	0
CP142617.1	105604	105652	1
CP142617.1	105652	107287	0
CP142617.1	107287	107360	1
CP142617.1	107360	107419	0
CP142617.1	107419	107541	1
CP142617.1	107541	110262	0
CP142617.1	110262	110314	1
CP142617.1	110314	111266	0
CP142617.1	111266	111296	1
CP142617.1	111296	111309	0
CP142617.1	111309	111382	1
CP142617.1	111382	111383	0
CP142617.1	111383	111386	1
CP142617.1	111386	112351	0
CP142617.1	112351	112463	1
CP142617.1	112463	112557	0
CP142617.1	112557	112628	1
CP142617.1	112628	112629	0
CP142617.1	112629	112653	1
CP142617.1	112653	112694	0
CP142617.1	112694	112731	1
CP142617.1	112731	112733	0
CP142617.1	112733	112858	1
CP142617.1	112858	113932	0
CP142617.1	113932	113981	1
CP142617.1	113981	114111	0
CP142617.1	114111	114137	1
CP142617.1	114137	114138	0
CP142617.1	114138	114234	1
CP142617.1	114234	114714	0
CP142617.1	114714	114777	1
CP142617.1	114777	116086	0
CP142617.1	116086	116260	1
CP142617.1	116260	116626	0
CP142617.1	116626	116635	1
CP142617.1	116635	116636	0
CP142617.1	116636	116684	1
CP142617.1	116684	117644	0
CP142617.1	117644	117876	1
CP142617.1	117876	117978	2
CP142617.1	117978	117994	1
CP142617.1	117994	120224	0
CP142617.1	120224	120319	1
CP142617.1	120319	120559	0
CP142617.1	120559	120774	1
CP142617.1	120774	121390	0
CP142617.1	121390	121429	1
CP142617.1	121429	121486	2
CP142617.1	121486	121489	1
CP142617.1	121489	121540	2
CP142617.1	121540	121593	1
CP142617.1	121593	121744	0
CP142617.1	121744	121773	1
CP142617.1	121773	121774	0
CP142617.1	121774	121851	1
CP142617.1	121851	122335	0
CP142617.1	122335	122350	1
CP142617.1	122350	122351	0
CP142617.1	122351	122470	1
CP142617.1	122470	122471	0
CP142617.1	122471	122525	1
CP142617.1	122525	122980	0
CP142617.1	122980	123018	1
CP142617.1	123018	123545	0
CP142617.1	123545	123596	1
CP142617.1	123596	123602	0
CP142617.1	123602	123618	1
CP142617.1	123618	123621	0
CP142617.1	123621	123622	1
CP142617.1	123622	123677	2
CP142617.1	123677	123682	1
CP142617.1	123682	124475	0
CP142617.1	124475	124595	1
CP142617.1	124595	124599	2
CP142617.1	124599	124648	1
CP142617.1	124648	124649	0
CP142617.1	124649	124676	1
CP142617.1	124676	125170	0
CP142617.1	125170	125370	1
CP142617.1	125370	127198	0
CP142617.1	127198	127220	1
CP142617.1	127220	127223	0
CP142617.1	127223	127272	1
CP142617.1	127272	128104	0
CP142617.1	128104	128150	1
CP142617.1	128150	128471	0
CP142617.1	128471	128520	1
CP142617.1	128520	129287	0
CP142617.1	129287	129411	1
CP142617.1	129411	129737	0
CP142617.1	129737	129798	1
CP142617.1	129798	130381	0
CP142617.1	130381	130517	1
CP142617.1	130517	130742	0
CP142617.1	130742	130795	1
CP142617.1	130795	131266	0
CP142617.1	131266	131393	1
CP142617.1	131393	131394	0
CP142617.1	131394	131446	1
CP142617.1	131446	132420	0
CP142617.1	132420	132523	1
CP142617.1	132523	134016	0
CP142617.1	134016	134040	1
CP142617.1	134040	134050	0
CP142617.1	134050	134116	1
CP142617.1	134116	134737	0
CP142617.1	134737	134820	1
CP142617.1	134820	136254	0
CP142617.1	136254	136410	1
CP142617.1	136410	138439	0
CP142617.1	138439	138514	1
CP142617.1	138514	138675	0
CP142617.1	138675	138731	1
CP142617.1	138731	139312	0
CP142617.1	139312	139390	1
CP142617.1	139390	139584	0
CP142617.1	139584	139649	1
CP142617.1	139649	140136	0
CP142617.1	140136	140228	1
CP142617.1	140228	141239	0
CP142617.1	141239	141376	1
CP142617.1	141376	141875	0
CP142617.1	141875	141972	1
CP142617.1	141972	143022	0
CP142617.1	143022	143060	1
CP142617.1	143060	143061	0
CP142617.1	143061	143252	1
CP142617.1	143252	144660	0
CP142617.1	144660	144739	1
CP142617.1	144739	146411	0
CP142617.1	146411	146522	1
CP142617.1	146522	146771	0
CP142617.1	146771	146818	1
CP142617.1	146818	147950	0
CP142617.1	147950	147996	1
CP142617.1	147996	150303	0
CP142617.1	150303	150364	1
CP142617.1	150364	150366	0
CP142617.1	150366	150379	1
CP142617.1	150379	150381	0
CP142617.1	150381	150471	1
CP142617.1	150471	150472	0
CP142617.1	150472	150514	1
CP142617.1	150514	151142	0
CP142617.1	151142	151191	1
CP142617.1	151191	151193	0
CP142617.1	151193	151210	1
CP142617.1	151210	151211	0
CP142617.1	151211	151223	1
CP142617.1	151223	151226	0
CP142617.1	151226	151272	1
CP142617.1	151272	152961	0
CP142617.1	152961	152983	1
CP142617.1	152983	152984	0
CP142617.1	152984	152985	1
CP142617.1	152985	153012	2
CP142617.1	153012	153014	1
CP142617.1	153014	153062	2
CP142617.1	153062	153063	1
CP142617.1	153063	153065	2
CP142617.1	153065	153079	1
CP142617.1	153079	153080	0
CP142617.1	153080	153110	1
CP142617.1	153110	153111	0
CP142617.1	153111	153136	1
CP142617.1	153136	153504	0
CP142617.1	153504	153562	1
CP142617.1	153562	153563	0
CP142617.1	153563	153618	1
CP142617.1	153618	154196	0
CP142617.1	154196	154214	1
CP142617.1	154214	154215	0
CP142617.1	154215	154406	1
CP142617.1	154406	157002	0
CP142617.1	157002	157012	1
CP142617.1	157012	157013	0
CP142617.1	157013	157312	1
CP142617.1	157312	160424	0
CP142617.1	160424	160518	1
CP142617.1	160518	161691	0
CP142617.1	161691	161753	1
CP142617.1	161753	161754	0
CP142617.1	161754	161821	1
CP142617.1	161821	162631	0
CP142617.1	162631	162694	1
CP142617.1	162694	163028	0
CP142617.1	163028	163092	1
CP142617.1	163092	163205	0
CP142617.1	163205	163270	1
CP142617.1	163270	163319	2
CP142617.1	163319	163336	1
CP142617.1	163336	163337	0
CP142617.1	163337	163371	1
CP142617.1	163371	165272	0
CP142617.1	165272	165326	1
CP142617.1	165326	166913	0
CP142617.1	166913	167027	1
CP142617.1	167027	167671	0
CP142617.1	167671	167744	1
CP142617.1	167744	168672	0
CP142617.1	168672	168772	1
CP142617.1	168772	174123	0
CP142617.1	174123	174217	1
CP142617.1	174217	174805	0
CP142617.1	174805	174884	1
CP142617.1	174884	174885	0
CP142617.1	174885	174943	1
CP142617.1	174943	176064	0
CP142617.1	176064	176104	1
CP142617.1	176104	176106	0
CP142617.1	176106	176127	1
CP142617.1	176127	177324	0
CP142617.1	177324	177338	3
CP142617.1	177338	177339	1
CP142617.1	177339	177389	3
CP142617.1	177389	177390	2
CP142617.1	177390	177400	3
CP142617.1	177400	177452	4
CP142617.1	177452	177455	3
CP142617.1	177455	177462	2
CP142617.1	177462	177463	1
CP142617.1	177463	177560	0
CP142617.1	177560	177728	1
CP142617.1	177728	180308	0
CP142617.1	180308	180358	1
CP142617.1	180358	180359	0
CP142617.1	180359	180394	1
CP142617.1	180394	180395	0
CP142617.1	180395	180447	1
CP142617.1	180447	181021	0
CP142617.1	181021	181142	1
CP142617.1	181142	181358	0
CP142617.1	181358	181507	1
CP142617.1	181507	181976	0
CP142617.1	181976	182069	1
CP142617.1	182069	182093	0
CP142617.1	182093	182140	1
CP142617.1	182140	182758	0
CP142617.1	182758	182774	1
CP142617.1	182774	182785	2
CP142617.1	182785	182787	1
CP142617.1	182787	182816	2
CP142617.1	182816	182822	3
CP142617.1	182822	182887	2
CP142617.1	182887	183040	1
CP142617.1	183040	183319	0
CP142617.1	183319	183329	1
CP142617.1	183329	183346	2
CP142617.1	183346	183347	1
CP142617.1	183347	183398	2
CP142617.1	183398	183427	1
CP142617.1	183427	183441	0
CP142617.1	183441	183506	1
CP142617.1	183506	183508	0
CP142617.1	183508	183550	1
CP142617.1	183550	183551	0
CP142617.1	183551	183577	1
CP142617.1	183577	184874	0
CP142617.1	184874	184973	1
CP142617.1	184973	186617	0
CP142617.1	186617	186718	1
CP142617.1	186718	187189	0
CP142617.1	187189	187355	1
CP142617.1	187355	187356	0
CP142617.1	187356	187389	1
CP142617.1	187389	187414	0
CP142617.1	187414	187532	1
CP142617.1	187532	187533	0
CP142617.1	187533	187597	1
CP142617.1	187597	189825	0
CP142617.1	189825	189850	1
CP142617.1	189850	189851	0
CP142617.1	189851	189899	1
CP142617.1	189899	190405	0
CP142617.1	190405	190465	1
CP142617.1	190465	191154	0
CP142617.1	191154	191223	1
CP142617.1	191223	192345	0
CP142617.1	192345	192415	1
CP142617.1	192415	192439	2
CP142617.1	192439	192440	0
CP142617.1	192440	192469	1
CP142617.1	192469	193848	0
CP142617.1	193848	193900	1
CP142617.1	193900	194038	0
CP142617.1	194038	194211	1
CP142617.1	194211	195713	0
CP142617.1	195713	195772	1
CP142617.1	195772	195857	0
CP142617.1	195857	195932	1
CP142617.1	195932	195956	2
CP142617.1	195956	195957	1
CP142617.1	195957	195964	2
CP142617.1	195964	195965	1
CP142617.1	195965	195978	2
CP142617.1	195978	196000	3
CP142617.1	196000	196027	2
CP142617.1	196027	196038	1
CP142617.1	196038	196405	0
CP142617.1	196405	196508	1
CP142617.1	196508	197020	0
CP142617.1	197020	197208	1
CP142617.1	197208	197211	0
CP142617.1	197211	197221	1
CP142617.1	197221	198258	0
CP142617.1	198258	198307	1
CP142617.1	198307	198309	0
CP142617.1	198309	198452	1
CP142617.1	198452	198637	0
CP142617.1	198637	198644	1
CP142617.1	198644	198725	2
CP142617.1	198725	198842	1
CP142617.1	198842	198891	2
CP142617.1	198891	198897	1
CP142617.1	198897	199739	0
CP142617.1	199739	199771	1
CP142617.1	199771	199774	0
CP142617.1	199774	199800	1
CP142617.1	199800	199848	0
CP142617.1	199848	199902	1
CP142617.1	199902	200292	0
CP142617.1	200292	200345	1
CP142617.1	200345	201972	0
CP142617.1	201972	202180	1
CP142617.1	202180	202917	0
CP142617.1	202917	203021	1
CP142617.1	203021	203022	0
CP142617.1	203022	203065	1
CP142617.1	203065	203074	2
CP142617.1	203074	203184	1
CP142617.1	203184	203388	0
CP142617.1	203388	203448	1
CP142617.1	203448	203723	0
CP142617.1	203723	203768	1
CP142617.1	203768	203769	0
CP142617.1	203769	203834	1
CP142617.1	203834	204152	0
CP142617.1	204152	204224	1
CP142617.1	204224	206409	0
CP142617.1	206409	206496	1
CP142617.1	206496	206532	0
CP142617.1	206532	206594	1
CP142617.1	206594	207377	0
CP142617.1	207377	207486	1
CP142617.1	207486	208975	0
CP142617.1	208975	209014	1
CP142617.1	209014	209018	0
CP142617.1	209018	209116	1
CP142617.1	209116	209183	2
CP142617.1	209183	209220	1
CP142617.1	209220	209228	0
CP142617.1	209228	209235	1
CP142617.1	209235	209256	2
CP142617.1	209256	209444	1
CP142617.1	209444	210615	0
CP142617.1	210615	210734	1
CP142617.1	210734	210827	0
CP142617.1	210827	210940	1
CP142617.1	210940	213316	0
CP142617.1	213316	213446	1
CP142617.1	213446	214030	0
CP142617.1	214030	214120	1
CP142617.1	214120	214340	0
CP142617.1	214340	214366	1
CP142617.1	214366	214381	2
CP142617.1	214381	214407	1
CP142617.1	214407	214409	0
CP142617.1	214409	214518	1
CP142617.1	214518	214970	0
CP142617.1	214970	214985	1
CP142617.1	214985	214987	0
CP142617.1	214987	215079	1
CP142617.1	215079	215887	0
CP142617.1	215887	215995	1
CP142617.1	215995	216065	0
CP142617.1	216065	216289	1
CP142617.1	216289	216434	0
CP142617.1	216434	216435	1
CP142617.1	216435	216483	2
CP142617.1	216483	216537	1
CP142617.1	216537	218036	0
CP142617.1	218036	218085	1
CP142617.1	218085	219240	0
CP142617.1	219240	219326	1
CP142617.1	219326	219513	0
CP142617.1	219513	219548	1
CP142617.1	219548	219553	0
CP142617.1	219553	219631	1
CP142617.1	219631	219648	2
CP142617.1	219648	219678	1
CP142617.1	219678	219679	0
CP142617.1	219679	219742	1
CP142617.1	219742	220848	0
CP142617.1	220848	221015	1
CP142617.1	221015	221016	2
CP142617.1	221016	221044	3
CP142617.1	221044	221077	2
CP142617.1	221077	221081	0
CP142617.1	221081	221138	2
CP142617.1	221138	221149	3
CP142617.1	221149	221152	0
CP142617.1	221152	221163	3
CP142617.1	221163	221169	2
CP142617.1	221169	221174	3
CP142617.1	221174	221176	2
CP142617.1	221176	221181	3
CP142617.1	221181	221206	2
CP142617.1	221206	221236	1
CP142617.1	221236	221237	0
CP142617.1	221237	221271	1
CP142617.1	221271	221357	0
CP142617.1	221357	221500	1
CP142617.1	221500	222023	0
CP142617.1	222023	222086	1
CP142617.1	222086	222089	0
CP142617.1	222089	222148	1
CP142617.1	222148	222943	0
CP142617.1	222943	222976	1
CP142617.1	222976	222977	0
CP142617.1	222977	223011	1
CP142617.1	223011	224405	0
CP142617.1	224405	224514	1
CP142617.1	224514	225134	0
CP142617.1	225134	225196	1
CP142617.1	225196	225197	0
CP142617.1	225197	225234	1
CP142617.1	225234	225236	0
CP142617.1	225236	225257	1
CP142617.1	225257	225451	0
CP142617.1	225451	225616	1
CP142617.1	225616	225627	2
CP142617.1	225627	225715	1
CP142617.1	225715	225718	0
CP142617.1	225718	225734	1
CP142617.1	225734	226600	0
CP142617.1	226600	226721	1
CP142617.1	226721	226722	0
CP142617.1	226722	226759	1
CP142617.1	226759	227993	0
CP142617.1	227993	228165	1
CP142617.1	228165	229481	0
CP142617.1	229481	229494	1
CP142617.1	229494	229496	0
CP142617.1	229496	229590	1
CP142617.1	229590	230078	0
CP142617.1	230078	230139	1
CP142617.1	230139	230375	0
CP142617.1	230375	230398	1
CP142617.1	230398	230412	0
CP142617.1	230412	230423	1
CP142617.1	230423	230424	0
CP142617.1	230424	230573	1
CP142617.1	230573	231946	0
CP142617.1	231946	232043	1
CP142617.1	232043	232532	0
CP142617.1	232532	232629	1
CP142617.1	232629	232960	0
CP142617.1	232960	233052	1
CP142617.1	233052	233155	0
CP142617.1	233155	233243	1
CP142617.1	233243	233247	2
CP142617.1	233247	233272	1
CP142617.1	233272	233276	0
CP142617.1	233276	233330	1
CP142617.1	233330	235491	0
CP142617.1	235491	235518	1
CP142617.1	235518	235519	0
CP142617.1	235519	235585	1
CP142617.1	235585	236364	0
CP142617.1	236364	236465	1
CP142617.1	236465	239016	0
CP142617.1	239016	239131	1
CP142617.1	239131	239133	0
CP142617.1	239133	239166	1
CP142617.1	239166	239919	0
CP142617.1	239919	240034	1
CP142617.1	240034	240037	0
CP142617.1	240037	240055	1
CP142617.1	240055	240541	0
CP142617.1	240541	240652	1
CP142617.1	240652	241505	0
CP142617.1	241505	241755	1
CP142617.1	241755	241884	0
CP142617.1	241884	241937	1
CP142617.1	241937	242042	0
CP142617.1	242042	242056	1
CP142617.1	242056	242057	0
CP142617.1	242057	242210	1
CP142617.1	242210	242387	0
CP142617.1	242387	242561	1
CP142617.1	242561	242562	0
CP142617.1	242562	242629	1
CP142617.1	242629	242630	0
CP142617.1	242630	242643	1
CP142617.1	242643	243565	0
CP142617.1	243565	243682	1
CP142617.1	243682	243683	0
CP142617.1	243683	243711	1
CP142617.1	243711	244971	0
CP142617.1	244971	245062	1
CP142617.1	245062	246080	0
CP142617.1	246080	246189	1
CP142617.1	246189	246225	2
CP142617.1	246225	246253	1
CP142617.1	246253	248003	0
CP142617.1	248003	248105	1
CP142617.1	248105	250084	0
CP142617.1	250084	250186	1
CP142617.1	250186	250219	0
CP142617.1	250219	250243	1
CP142617.1	250243	250246	0
CP142617.1	250246	250274	1
CP142617.1	250274	250275	0
CP142617.1	250275	250307	1
CP142617.1	250307	250310	0
CP142617.1	250310	250348	1
CP142617.1	250348	250369	2
CP142617.1	250369	250370	1
CP142617.1	250370	250394	2
CP142617.1	250394	250422	1
CP142617.1	250422	250425	0
CP142617.1	250425	250478	1
CP142617.1	250478	250537	0
CP142617.1	250537	250573	1
CP142617.1	250573	251222	0
CP142617.1	251222	251318	1
CP142617.1	251318	251699	0
CP142617.1	251699	251781	1
CP142617.1	251781	251785	0
CP142617.1	251785	251827	1
CP142617.1	251827	252912	0
CP142617.1	252912	252977	1
CP142617.1	252977	253012	0
CP142617.1	253012	253020	1
CP142617.1	253020	253041	2
CP142617.1	253041	253043	1
CP142617.1	253043	253094	2
CP142617.1	253094	253099	1
CP142617.1	253099	254833	0
CP142617.1	254833	254894	1
CP142617.1	254894	255046	0
CP142617.1	255046	255106	1
CP142617.1	255106	255113	2
CP142617.1	255113	255191	1
CP142617.1	255191	255575	0
CP142617.1	255575	255648	1
CP142617.1	255648	257480	0
CP142617.1	257480	257546	1
CP142617.1	257546	258654	0
CP142617.1	258654	258901	1
CP142617.1	258901	258967	0
CP142617.1	258967	259028	1
CP142617.1	259028	259450	0
CP142617.1	259450	259545	1
CP142617.1	259545	259546	0
CP142617.1	259546	259554	1
CP142617.1	259554	260726	0
CP142617.1	260726	260834	1
CP142617.1	260834	262128	0
CP142617.1	262128	262222	1
CP142617.1	262222	262957	0
CP142617.1	262957	263043	1
CP142617.1	263043	263044	0
CP142617.1	263044	263098	1
CP142617.1	263098	263120	2
CP142617.1	263120	263122	0
CP142617.1	263122	263128	2
CP142617.1	263128	263129	1
CP142617.1	263129	263198	2
CP142617.1	263198	263217	1
CP142617.1	263217	264372	0
CP142617.1	264372	264428	1
CP142617.1	264428	265151	0
CP142617.1	265151	265196	1
CP142617.1	265196	266009	0
CP142617.1	266009	266105	1
CP142617.1	266105	266107	0
CP142617.1	266107	266136	1
CP142617.1	266136	266344	0
CP142617.1	266344	266357	1
CP142617.1	266357	266358	0
CP142617.1	266358	266475	1
CP142617.1	266475	266821	0
CP142617.1	266821	266845	1
CP142617.1	266845	266846	0
CP142617.1	266846	266982	1
CP142617.1	266982	267575	0
CP142617.1	267575	267660	1
CP142617.1	267660	269292	0
CP142617.1	269292	269363	1
CP142617.1	269363	269473	0
CP142617.1	269473	269533	1
CP142617.1	269533	270782	0
CP142617.1	270782	270838	1
CP142617.1	270838	270992	0
CP142617.1	270992	271218	1
CP142617.1	271218	271219	0
CP142617.1	271219	271253	1
CP142617.1	271253	272549	0
CP142617.1	272549	272619	1
CP142617.1	272619	272840	0
CP142617.1	272840	272922	1
CP142617.1	272922	273919	0
CP142617.1	273919	273965	1
CP142617.1	273965	274252	0
CP142617.1	274252	274434	1
CP142617.1	274434	274523	0
CP142617.1	274523	274651	1
CP142617.1	274651	275147	0
CP142617.1	275147	275252	1
CP142617.1	275252	276647	0
CP142617.1	276647	276772	1
CP142617.1	276772	276793	0
CP142617.1	276793	276878	1
CP142617.1	276878	277127	0
CP142617.1	277127	277204	2
CP142617.1	277204	277205	1
CP142617.1	277205	278696	0
CP142617.1	278696	278711	1
CP142617.1	278711	278783	2
CP142617.1	278783	278818	1
CP142617.1	278818	278819	0
CP142617.1	278819	278863	1
CP142617.1	278863	278864	0
CP142617.1	278864	278933	1
CP142617.1	278933	280062	0
CP142617.1	280062	280135	1
CP142617.1	280135	281282	0
CP142617.1	281282	281302	1
CP142617.1	281302	281303	0
CP142617.1	281303	281378	1
CP142617.1	281378	281379	0
CP142617.1	281379	281406	1
CP142617.1	281406	282336	0
CP142617.1	282336	282431	1
CP142617.1	282431	283335	0
CP142617.1	283335	283491	1
CP142617.1	283491	283737	0
CP142617.1	283737	283788	1
CP142617.1	283788	285071	0
CP142617.1	285071	285284	1
CP142617.1	285284	286189	0
CP142617.1	286189	286258	1
CP142617.1	286258	287933	0
CP142617.1	287933	288064	1
CP142617.1	288064	288746	0
CP142617.1	288746	288830	1
CP142617.1	288830	288832	0
CP142617.1	288832	288852	1
CP142617.1	288852	288927	2
CP142617.1	288927	289064	0
CP142617.1	289064	289124	1
CP142617.1	289124	290277	0
CP142617.1	290277	290416	1
CP142617.1	290416	290417	0
CP142617.1	290417	290423	1
CP142617.1	290423	290424	0
CP142617.1	290424	290439	1
CP142617.1	290439	290440	0
CP142617.1	290440	290489	1
CP142617.1	290489	291312	0
CP142617.1	291312	291405	1
CP142617.1	291405	292677	0
CP142617.1	292677	292735	1
CP142617.1	292735	295770	0
CP142617.1	295770	295797	1
CP142617.1	295797	295836	2
CP142617.1	295836	295887	1
CP142617.1	295887	296250	0
CP142617.1	296250	296294	1
CP142617.1	296294	296295	0
CP142617.1	296295	296350	1
CP142617.1	296350	301288	0
CP142617.1	301288	301422	1
CP142617.1	301422	301562	0
CP142617.1	301562	301652	1
CP142617.1	301652	301760	0
CP142617.1	301760	301938	1
CP142617.1	301938	302070	0
CP142617.1	302070	302170	1
CP142617.1	302170	302211	2
CP142617.1	302211	302287	1
CP142617.1	302287	303149	0
CP142617.1	303149	303230	1
CP142617.1	303230	303881	0
CP142617.1	303881	303891	1
CP142617.1	303891	303892	0
CP142617.1	303892	303954	1
CP142617.1	303954	304340	0
CP142617.1	304340	304392	1
CP142617.1	304392	304397	0
CP142617.1	304397	304466	1
CP142617.1	304466	304469	0
CP142617.1	304469	304503	1
CP142617.1	304503	305163	0
CP142617.1	305163	305224	1
CP142617.1	305224	307048	0
CP142617.1	307048	307102	1
CP142617.1	307102	307105	0
CP142617.1	307105	307115	1
CP142617.1	307115	307116	0
CP142617.1	307116	307118	1
CP142617.1	307118	307136	2
CP142617.1	307136	307174	3
CP142617.1	307174	307195	1
CP142617.1	307195	307289	2
CP142617.1	307289	307290	1
CP142617.1	307290	307362	2
CP142617.1	307362	307381	1
CP142617.1	307381	310483	0
CP142617.1	310483	310677	1
CP142617.1	310677	310687	2
CP142617.1	310687	310785	1
CP142617.1	310785	311031	0
CP142617.1	311031	311070	1
CP142617.1	311070	311071	0
CP142617.1	311071	311088	1
CP142617.1	311088	311089	0
CP142617.1	311089	311126	1
CP142617.1	311126	311810	0
CP142617.1	311810	311912	1
CP142617.1	311912	311915	0
CP142617.1	311915	311992	1
CP142617.1	311992	311995	0
CP142617.1	311995	311998	1
CP142617.1	311998	312012	2
CP142617.1	312012	312066	1
CP142617.1	312066	312641	0
CP142617.1	312641	312713	1
CP142617.1	312713	312714	0
CP142617.1	312714	312855	1
CP142617.1	312855	314579	0
CP142617.1	314579	314620	1
CP142617.1	314620	316465	0
CP142617.1	316465	316556	1
CP142617.1	316556	317061	0
CP142617.1	317061	317106	1
CP142617.1	317106	317377	0
CP142617.1	317377	317511	1
CP142617.1	317511	317518	2
CP142617.1	317518	317545	1
CP142617.1	317545	317548	0
CP142617.1	317548	317619	1
CP142617.1	317619	320285	0
CP142617.1	320285	320357	1
CP142617.1	320357	320358	0
CP142617.1	320358	320428	1
CP142617.1	320428	320523	0
CP142617.1	320523	320566	1
CP142617.1	320566	320567	0
CP142617.1	320567	320677	1
CP142617.1	320677	321494	0
CP142617.1	321494	321655	1
CP142617.1	321655	322741	0
CP142617.1	322741	322821	1
CP142617.1	322821	323079	0
CP142617.1	323079	323194	1
CP142617.1	323194	326118	0
CP142617.1	326118	326232	1
CP142617.1	326232	326233	0
CP142617.1	326233	326265	1
CP142617.1	326265	326449	0
CP142617.1	326449	326470	1
CP142617.1	326470	326471	0
CP142617.1	326471	326611	1
CP142617.1	326611	327537	0
CP142617.1	327537	327556	1
CP142617.1	327556	327557	0
CP142617.1	327557	327655	1
CP142617.1	327655	327656	0
CP142617.1	327656	327674	1
CP142617.1	327674	327675	0
CP142617.1	327675	327748	1
CP142617.1	327748	328841	0
CP142617.1	328841	328901	1
CP142617.1	328901	329251	0
CP142617.1	329251	329316	1
CP142617.1	329316	330324	0
CP142617.1	330324	330407	1
CP142617.1	330407	330547	0
CP142617.1	330547	330600	1
CP142617.1	330600	331103	0
CP142617.1	331103	331196	1
CP142617.1	331196	331198	0
CP142617.1	331198	331206	1
CP142617.1	331206	331229	0
CP142617.1	331229	331235	1
CP142617.1	331235	331239	0
CP142617.1	331239	331313	1
CP142617.1	331313	331334	0
CP142617.1	331334	331399	1
CP142617.1	331399	332144	0
CP142617.1	332144	332218	1
CP142617.1	332218	333098	0
CP142617.1	333098	333130	1
CP142617.1	333130	333573	0
CP142617.1	333573	333699	1
CP142617.1	333699	334307	0
CP142617.1	334307	334348	1
CP142617.1	334348	334409	2
CP142617.1	334409	334411	1
CP142617.1	334411	334433	2
CP142617.1	334433	334434	1
CP142617.1	334434	334473	2
CP142617.1	334473	334500	1
CP142617.1	334500	335123	0
CP142617.1	335123	335215	1
CP142617.1	335215	335631	0
CP142617.1	335631	335657	1
CP142617.1	335657	335660	0
CP142617.1	335660	335746	1
CP142617.1	335746	335827	0
CP142617.1	335827	335908	1
CP142617.1	335908	335932	0
CP142617.1	335932	336066	1
CP142617.1	336066	336156	0
CP142617.1	336156	336218	1
CP142617.1	336218	337288	0
CP142617.1	337288	337355	1
CP142617.1	337355	337804	0
CP142617.1	337804	337866	1
CP142617.1	337866	338260	0
CP142617.1	338260	338315	1
CP142617.1	338315	338757	0
CP142617.1	338757	338860	1
CP142617.1	338860	338861	0
CP142617.1	338861	338928	1
CP142617.1	338928	339036	0
CP142617.1	339036	339079	1
CP142617.1	339079	339125	0
CP142617.1	339125	339150	1
CP142617.1	339150	339163	2
CP142617.1	339163	339166	1
CP142617.1	339166	339188	2
CP142617.1	339188	339189	1
CP142617.1	339189	339202	2
CP142617.1	339202	339212	1
CP142617.1	339212	339213	0
CP142617.1	339213	339262	1
CP142617.1	339262	340627	0
CP142617.1	340627	340711	1
CP142617.1	340711	340868	0
CP142617.1	340868	341101	1
CP142617.1	341101	342871	0
CP142617.1	342871	342901	1
CP142617.1	342901	342915	0
CP142617.1	342915	342977	1
CP142617.1	342977	344320	0
CP142617.1	344320	344342	1
CP142617.1	344342	344345	0
CP142617.1	344345	344437	1
CP142617.1	344437	345011	0
CP142617.1	345011	345125	1
CP142617.1	345125	345460	0
CP142617.1	345460	345492	1
CP142617.1	345492	345493	0
CP142617.1	345493	345527	1
CP142617.1	345527	346703	0
CP142617.1	346703	346727	1
CP142617.1	346727	346728	0
CP142617.1	346728	346797	1
CP142617.1	346797	346869	0
CP142617.1	346869	346966	1
CP142617.1	346966	347693	0
CP142617.1	347693	347761	1
CP142617.1	347761	348106	0
CP142617.1	348106	348157	1
CP142617.1	348157	348846	0
CP142617.1	348846	349039	1
CP142617.1	349039	349746	0
CP142617.1	349746	349837	1
CP142617.1	349837	350664	0
CP142617.1	350664	350788	1
CP142617.1	350788	351053	0
CP142617.1	351053	351150	1
CP142617.1	351150	351549	0
CP142617.1	351549	351600	1
CP142617.1	351600	351812	0
CP142617.1	351812	351842	1
CP142617.1	351842	351844	0
CP142617.1	351844	351922	1
CP142617.1	351922	352078	0
CP142617.1	352078	352265	1
CP142617.1	352265	352381	0
CP142617.1	352381	352448	1
CP142617.1	352448	353107	0
CP142617.1	353107	353202	1
CP142617.1	353202	354796	0
CP142617.1	354796	354874	1
CP142617.1	354874	354882	0
CP142617.1	354882	354893	1
CP142617.1	354893	355997	0
CP142617.1	355997	356057	1
CP142617.1	356057	356850	0
CP142617.1	356850	356890	1
CP142617.1	356890	361488	0
CP142617.1	361488	361639	1
CP142617.1	361639	362267	0
CP142617.1	362267	362342	1
CP142617.1	362342	362426	0
CP142617.1	362426	362519	1
CP142617.1	362519	362793	0
CP142617.1	362793	362816	1
CP142617.1	362816	362818	0
CP142617.1	362818	362921	1
CP142617.1	362921	364505	0
CP142617.1	364505	364533	1
CP142617.1	364533	364536	0
CP142617.1	364536	364584	1
CP142617.1	364584	364912	0
CP142617.1	364912	365024	1
CP142617.1	365024	368742	0
CP142617.1	368742	368786	1
CP142617.1	368786	368787	0
CP142617.1	368787	368880	1
CP142617.1	368880	369493	0
CP142617.1	369493	369548	1
CP142617.1	369548	369549	0
CP142617.1	369549	369555	1
CP142617.1	369555	369569	0
CP142617.1	369569	369595	1
CP142617.1	369595	369894	0
CP142617.1	369894	369931	1
CP142617.1	369931	369932	0
CP142617.1	369932	369952	1
CP142617.1	369952	370226	0
CP142617.1	370226	370297	1
CP142617.1	370297	370317	0
CP142617.1	370317	370366	1
CP142617.1	370366	371256	0
CP142617.1	371256	371378	1
CP142617.1	371378	371384	0
CP142617.1	371384	371433	1
CP142617.1	371433	371435	0
CP142617.1	371435	371446	1
CP142617.1	371446	371771	0
CP142617.1	371771	371794	1
CP142617.1	371794	371843	2
CP142617.1	371843	371896	1
CP142617.1	371896	371897	0
CP142617.1	371897	371907	1
CP142617.1	371907	372163	0
CP142617.1	372163	372166	1
CP142617.1	372166	372199	2
CP142617.1	372199	372202	1
CP142617.1	372202	372217	2
CP142617.1	372217	372322	1
CP142617.1	372322	372892	0
CP142617.1	372892	373005	1
CP142617.1	373005	374026	0
CP142617.1	374026	374107	1
CP142617.1	374107	374110	0
CP142617.1	374110	374126	1
CP142617.1	374126	377308	0
CP142617.1	377308	377360	1
CP142617.1	377360	377372	2
CP142617.1	377372	377373	1
CP142617.1	377373	377378	2
CP142617.1	377378	377569	1
CP142617.1	377569	377578	0
CP142617.1	377578	377601	1
CP142617.1	377601	378060	0
CP142617.1	378060	378105	1
CP142617.1	378105	378364	0
CP142617.1	378364	378431	1
CP142617.1	378431	378433	0
CP142617.1	378433	378437	1
CP142617.1	378437	381842	0
CP142617.1	381842	381916	1
CP142617.1	381916	382363	0
CP142617.1	382363	382423	1
CP142617.1	382423	382643	0
CP142617.1	382643	382678	1
CP142617.1	382678	384638	0
CP142617.1	384638	384743	1
CP142617.1	384743	385051	0
CP142617.1	385051	385104	1
CP142617.1	385104	386138	0
CP142617.1	386138	386155	1
CP142617.1	386155	386156	0
CP142617.1	386156	386251	1
CP142617.1	386251	386348	0
CP142617.1	386348	386434	1
CP142617.1	386434	386473	2
CP142617.1	386473	386478	3
CP142617.1	386478	386494	2
CP142617.1	386494	386530	3
CP142617.1	386530	386574	2
CP142617.1	386574	386582	1
CP142617.1	386582	386585	2
CP142617.1	386585	386614	1
CP142617.1	386614	387211	0
CP142617.1	387211	387251	1
CP142617.1	387251	387475	0
CP142617.1	387475	387535	1
CP142617.1	387535	388141	0
CP142617.1	388141	388297	1
CP142617.1	388297	388842	0
CP142617.1	388842	388922	1
CP142617.1	388922	388944	2
CP142617.1	388944	388965	1
CP142617.1	388965	388983	2
CP142617.1	388983	388989	1
CP142617.1	388989	389030	2
CP142617.1	389030	389058	1
CP142617.1	389058	389059	0
CP142617.1	389059	389078	1
CP142617.1	389078	389080	0
CP142617.1	389080	389114	1
CP142617.1	389114	390076	0
CP142617.1	390076	390153	1
CP142617.1	390153	390305	0
CP142617.1	390305	390388	1
CP142617.1	390388	390727	0
CP142617.1	390727	390824	1
CP142617.1	390824	390923	0
CP142617.1	390923	390991	1
CP142617.1	390991	390992	0
CP142617.1	390992	391020	1
CP142617.1	391020	391524	0
CP142617.1	391524	391603	1
CP142617.1	391603	391605	0
CP142617.1	391605	391634	1
CP142617.1	391634	393863	0
CP142617.1	393863	393915	1
CP142617.1	393915	393917	0
CP142617.1	393917	393946	1
CP142617.1	393946	394008	0
CP142617.1	394008	394036	1
CP142617.1	394036	394132	2
CP142617.1	394132	394149	1
CP142617.1	394149	394202	2
CP142617.1	394202	394260	1
CP142617.1	394260	395240	0
CP142617.1	395240	395382	1
CP142617.1	395382	395384	0
CP142617.1	395384	395437	1
CP142617.1	395437	396058	0
CP142617.1	396058	396188	1
CP142617.1	396188	396648	0
CP142617.1	396648	396739	1
CP142617.1	396739	396746	0
CP142617.1	396746	396793	1
CP142617.1	396793	396802	2
CP142617.1	396802	396803	1
CP142617.1	396803	396817	2
CP142617.1	396817	396832	1
CP142617.1	396832	396834	0
CP142617.1	396834	396861	1
CP142617.1	396861	397827	0
CP142617.1	397827	398037	1
CP142617.1	398037	398423	0
CP142617.1	398423	398512	1
CP142617.1	398512	398622	0
CP142617.1	398622	398638	1
CP142617.1	398638	398681	2
CP142617.1	398681	398723	1
CP142617.1	398723	398876	0
CP142617.1	398876	398974	1
CP142617.1	398974	401325	0
CP142617.1	401325	401395	1
CP142617.1	401395	401424	2
CP142617.1	401424	401514	1
CP142617.1	401514	401545	2
CP142617.1	401545	401546	1
CP142617.1	401546	401603	2
CP142617.1	401603	401635	1
CP142617.1	401635	401745	0
CP142617.1	401745	401909	1
CP142617.1	401909	402058	0
CP142617.1	402058	402179	1
CP142617.1	402179	402180	0
CP142617.1	402180	402296	1
CP142617.1	402296	403020	0
CP142617.1	403020	403116	1
CP142617.1	403116	403319	0
CP142617.1	403319	403446	1
CP142617.1	403446	403447	0
CP142617.1	403447	403458	1
CP142617.1	403458	404206	0
CP142617.1	404206	404211	1
CP142617.1	404211	404251	2
CP142617.1	404251	404253	4
CP142617.1	404253	404259	3
CP142617.1	404259	404330	2
CP142617.1	404330	404435	1
CP142617.1	404435	404453	0
CP142617.1	404453	404522	1
CP142617.1	404522	404814	0
CP142617.1	404814	404870	1
CP142617.1	404870	404872	0
CP142617.1	404872	404913	1
CP142617.1	404913	406179	0
CP142617.1	406179	406312	1
CP142617.1	406312	406723	0
CP142617.1	406723	406811	1
CP142617.1	406811	408041	0
CP142617.1	408041	408075	1
CP142617.1	408075	408078	3
CP142617.1	408078	408091	4
CP142617.1	408091	408092	2
CP142617.1	408092	408095	4
CP142617.1	408095	408101	2
CP142617.1	408101	408102	4
CP142617.1	408102	408103	3
CP142617.1	408103	408109	4
CP142617.1	408109	408140	3
CP142617.1	408140	408148	2
CP142617.1	408148	408149	1
CP142617.1	408149	408155	2
CP142617.1	408155	408180	1
CP142617.1	408180	409812	0
CP142617.1	409812	409921	1
CP142617.1	409921	413118	0
CP142617.1	413118	413173	1
CP142617.1	413173	414553	0
CP142617.1	414553	414696	1
CP142617.1	414696	414710	0
CP142617.1	414710	414843	1
CP142617.1	414843	414844	0
CP142617.1	414844	414894	1
CP142617.1	414894	415169	0
CP142617.1	415169	415277	1
CP142617.1	415277	415536	0
CP142617.1	415536	415676	1
CP142617.1	415676	416182	0
CP142617.1	416182	416205	1
CP142617.1	416205	416264	2
CP142617.1	416264	416277	1
CP142617.1	416277	416381	0
CP142617.1	416381	416418	1
CP142617.1	416418	416419	0
CP142617.1	416419	416496	1
CP142617.1	416496	417229	0
CP142617.1	417229	417266	1
CP142617.1	417266	417909	0
CP142617.1	417909	417977	1
CP142617.1	417977	419273	0
CP142617.1	419273	419283	1
CP142617.1	419283	419287	0
CP142617.1	419287	419445	1
CP142617.1	419445	420100	0
CP142617.1	420100	420158	1
CP142617.1	420158	420194	0
CP142617.1	420194	420343	1
CP142617.1	420343	420638	0
CP142617.1	420638	420791	1
CP142617.1	420791	422842	0
CP142617.1	422842	422871	1
CP142617.1	422871	422873	0
CP142617.1	422873	422896	1
CP142617.1	422896	422907	2
CP142617.1	422907	422908	1
CP142617.1	422908	422909	0
CP142617.1	422909	422922	2
CP142617.1	422922	422923	1
CP142617.1	422923	422956	2
CP142617.1	422956	422957	1
CP142617.1	422957	423041	2
CP142617.1	423041	424497	0
CP142617.1	424497	424524	1
CP142617.1	424524	424571	2
CP142617.1	424571	424572	1
CP142617.1	424572	424577	2
CP142617.1	424577	424582	1
CP142617.1	424582	424583	0
CP142617.1	424583	424627	1
CP142617.1	424627	425230	0
CP142617.1	425230	425333	1
CP142617.1	425333	425925	0
CP142617.1	425925	426055	1
CP142617.1	426055	426056	0
CP142617.1	426056	426119	1
CP142617.1	426119	426184	0
CP142617.1	426184	426191	1
CP142617.1	426191	426194	0
CP142617.1	426194	426352	1
CP142617.1	426352	426953	0
CP142617.1	426953	426987	1
CP142617.1	426987	426989	0
CP142617.1	426989	427071	1
CP142617.1	427071	427751	0
CP142617.1	427751	427833	1
CP142617.1	427833	428646	0
CP142617.1	428646	428792	1
CP142617.1	428792	428796	0
CP142617.1	428796	428832	1
CP142617.1	428832	429216	0
CP142617.1	429216	429305	1
CP142617.1	429305	429489	0
CP142617.1	429489	429529	1
CP142617.1	429529	431269	0
CP142617.1	431269	431392	1
CP142617.1	431392	431489	0
CP142617.1	431489	431559	1
CP142617.1	431559	431574	2
CP142617.1	431574	431575	1
CP142617.1	431575	431582	2
CP142617.1	431582	431583	1
CP142617.1	431583	431607	2
CP142617.1	431607	431644	1
CP142617.1	431644	432420	0
CP142617.1	432420	432436	1
CP142617.1	432436	432437	0
CP142617.1	432437	432538	1
CP142617.1	432538	432539	0
CP142617.1	432539	432559	1
CP142617.1	432559	432851	0
CP142617.1	432851	432944	1
CP142617.1	432944	432947	0
CP142617.1	432947	432989	1
CP142617.1	432989	432999	0
CP142617.1	432999	433172	1
CP142617.1	433172	433694	0
CP142617.1	433694	433793	1
CP142617.1	433793	434272	0
CP142617.1	434272	434345	1
CP142617.1	434345	435819	0
CP142617.1	435819	435890	1
CP142617.1	435890	436693	0
CP142617.1	436693	436811	1
CP142617.1	436811	437097	0
CP142617.1	437097	437150	1
CP142617.1	437150	437241	2
CP142617.1	437241	437262	0
CP142617.1	437262	437268	2
CP142617.1	437268	437274	0
CP142617.1	437274	437321	2
CP142617.1	437321	437352	1
CP142617.1	437352	438151	0
CP142617.1	438151	438192	1
CP142617.1	438192	438193	0
CP142617.1	438193	438231	1
CP142617.1	438231	441384	0
CP142617.1	441384	441461	1
CP142617.1	441461	441471	0
CP142617.1	441471	441644	1
CP142617.1	441644	441645	0
CP142617.1	441645	441742	1
CP142617.1	441742	441747	0
CP142617.1	441747	441834	1
CP142617.1	441834	441839	0
CP142617.1	441839	441880	1
CP142617.1	441880	441907	0
CP142617.1	441907	441959	1
CP142617.1	441959	441962	0
CP142617.1	441962	441998	1
CP142617.1	441998	442444	0
CP142617.1	442444	442489	1
CP142617.1	442489	442504	2
CP142617.1	442504	442505	1
CP142617.1	442505	442535	2
CP142617.1	442535	442538	1
CP142617.1	442538	442552	2
CP142617.1	442552	442568	1
CP142617.1	442568	443449	0
CP142617.1	443449	443486	1
CP142617.1	443486	443497	2
CP142617.1	443497	443499	1
CP142617.1	443499	443558	2
CP142617.1	443558	443586	1
CP142617.1	443586	444067	0
CP142617.1	444067	444176	1
CP142617.1	444176	444695	0
CP142617.1	444695	444735	1
CP142617.1	444735	444736	0
CP142617.1	444736	444780	1
CP142617.1	444780	445508	0
CP142617.1	445508	445550	1
CP142617.1	445550	445551	0
CP142617.1	445551	445586	1
CP142617.1	445586	446260	0
CP142617.1	446260	446340	1
CP142617.1	446340	446364	2
CP142617.1	446364	446365	1
CP142617.1	446365	446404	2
CP142617.1	446404	446433	1
CP142617.1	446433	446456	0
CP142617.1	446456	446489	1
CP142617.1	446489	446539	2
CP142617.1	446539	446553	3
CP142617.1	446553	446599	2
CP142617.1	446599	446613	1
CP142617.1	446613	446681	0
CP142617.1	446681	446767	1
CP142617.1	446767	447135	0
CP142617.1	447135	447316	1
CP142617.1	447316	447346	0
CP142617.1	447346	447402	1
CP142617.1	447402	447703	0
CP142617.1	447703	447725	1
CP142617.1	447725	447728	0
CP142617.1	447728	447753	1
CP142617.1	447753	447756	0
CP142617.1	447756	447838	1
CP142617.1	447838	447846	0
CP142617.1	447846	447886	1
CP142617.1	447886	449232	0
CP142617.1	449232	449316	1
CP142617.1	449316	449687	0
CP142617.1	449687	449695	1
CP142617.1	449695	449696	0
CP142617.1	449696	449760	1
CP142617.1	449760	450128	0
CP142617.1	450128	450191	1
CP142617.1	450191	452468	0
CP142617.1	452468	452519	1
CP142617.1	452519	452520	0
CP142617.1	452520	452541	1
CP142617.1	452541	452542	0
CP142617.1	452542	452581	1
CP142617.1	452581	453080	0
CP142617.1	453080	453283	1
CP142617.1	453283	453330	0
CP142617.1	453330	453418	1
CP142617.1	453418	453812	0
CP142617.1	453812	453838	1
CP142617.1	453838	453888	2
CP142617.1	453888	453929	1
CP142617.1	453929	454216	0
CP142617.1	454216	454272	1
CP142617.1	454272	454632	0
CP142617.1	454632	454736	1
CP142617.1	454736	454801	0
CP142617.1	454801	454833	1
CP142617.1	454833	454834	0
CP142617.1	454834	454887	1
CP142617.1	454887	455882	0
CP142617.1	455882	455957	1
CP142617.1	455957	456078	0
CP142617.1	456078	456159	1
CP142617.1	456159	456177	0
CP142617.1	456177	456289	1
CP142617.1	456289	457329	0
CP142617.1	457329	457422	1
CP142617.1	457422	457494	0
CP142617.1	457494	457537	1
CP142617.1	457537	457623	2
CP142617.1	457623	457624	1
CP142617.1	457624	457625	0
CP142617.1	457625	457710	1
CP142617.1	457710	458175	0
CP142617.1	458175	458226	1
CP142617.1	458226	458227	0
CP142617.1	458227	458293	1
CP142617.1	458293	458655	0
CP142617.1	458655	458751	1
CP142617.1	458751	459101	0
CP142617.1	459101	459178	1
CP142617.1	459178	459185	2
CP142617.1	459185	459266	1
CP142617.1	459266	459939	0
CP142617.1	459939	459986	1
CP142617.1	459986	459987	0
CP142617.1	459987	460059	1
CP142617.1	460059	460332	0
CP142617.1	460332	460359	1
CP142617.1	460359	460360	0
CP142617.1	460360	460470	1
CP142617.1	460470	460907	0
CP142617.1	460907	461013	1
CP142617.1	461013	461015	0
CP142617.1	461015	461066	1
CP142617.1	461066	461102	0
CP142617.1	461102	461132	1
CP142617.1	461132	461135	0
CP142617.1	461135	461142	1
CP142617.1	461142	461143	0
CP142617.1	461143	461168	1
CP142617.1	461168	461247	0
CP142617.1	461247	461278	1
CP142617.1	461278	461292	2
CP142617.1	461292	461295	0
CP142617.1	461295	461342	2
CP142617.1	461342	462956	0
CP142617.1	462956	463102	1
CP142617.1	463102	463270	0
CP142617.1	463270	463329	1
CP142617.1	463329	464422	0
CP142617.1	464422	464524	1
CP142617.1	464524	464783	0
CP142617.1	464783	464825	1
CP142617.1	464825	466514	0
CP142617.1	466514	466661	1
CP142617.1	466661	466669	2
CP142617.1	466669	466695	3
CP142617.1	466695	466707	2
CP142617.1	466707	466732	3
CP142617.1	466732	466747	2
CP142617.1	466747	466772	1
CP142617.1	466772	467223	0
CP142617.1	467223	467313	1
CP142617.1	467313	471034	0
CP142617.1	471034	471137	1
CP142617.1	471137	471759	0
CP142617.1	471759	471780	1
CP142617.1	471780	471781	0
CP142617.1	471781	471902	1
CP142617.1	471902	472841	0
CP142617.1	472841	472893	1
CP142617.1	472893	472907	2
CP142617.1	472907	472980	1
CP142617.1	472980	472981	0
CP142617.1	472981	473009	1
CP142617.1	473009	473154	0
CP142617.1	473154	473282	1
CP142617.1	473282	474470	0
CP142617.1	474470	474534	1
CP142617.1	474534	475282	0
CP142617.1	475282	475285	1
CP142617.1	475285	475371	2
CP142617.1	475371	475408	1
CP142617.1	475408	476893	0
CP142617.1	476893	476968	1
CP142617.1	476968	478165	0
CP142617.1	478165	478220	1
CP142617.1	478220	478368	0
CP142617.1	478368	478392	1
CP142617.1	478392	478401	0
CP142617.1	478401	478438	1
CP142617.1	478438	478662	2
CP142617.1	478662	478701	1
CP142617.1	478701	478702	0
CP142617.1	478702	478784	1
CP142617.1	478784	478787	0
CP142617.1	478787	478809	1
CP142617.1	478809	478810	0
CP142617.1	478810	478853	1
CP142617.1	478853	481770	0
CP142617.1	481770	481930	1
CP142617.1	481930	481932	0
CP142617.1	481932	481982	1
CP142617.1	481982	483073	0
CP142617.1	483073	483190	1
CP142617.1	483190	483616	0
CP142617.1	483616	483717	1
CP142617.1	483717	483718	0
CP142617.1	483718	483777	1
CP142617.1	483777	483778	0
CP142617.1	483778	483786	1
CP142617.1	483786	483937	0
CP142617.1	483937	484028	1
CP142617.1	484028	484510	0
CP142617.1	484510	484694	1
CP142617.1	484694	485138	0
CP142617.1	485138	485168	1
CP142617.1	485168	485429	0
CP142617.1	485429	485503	1
CP142617.1	485503	486202	0
CP142617.1	486202	486309	1
CP142617.1	486309	486603	0
CP142617.1	486603	486659	1
CP142617.1	486659	486809	0
CP142617.1	486809	486891	1
CP142617.1	486891	486969	2
CP142617.1	486969	486997	1
CP142617.1	486997	487618	0
CP142617.1	487618	487661	1
CP142617.1	487661	488523	0
CP142617.1	488523	488577	1
CP142617.1	488577	493729	0
CP142617.1	493729	493786	1
CP142617.1	493786	493794	0
CP142617.1	493794	493833	1
CP142617.1	493833	493935	0
CP142617.1	493935	493974	1
CP142617.1	493974	493976	0
CP142617.1	493976	494108	1
CP142617.1	494108	496459	0
CP142617.1	496459	496558	1
CP142617.1	496558	496559	0
CP142617.1	496559	496601	1
CP142617.1	496601	498529	0
CP142617.1	498529	498565	1
CP142617.1	498565	498626	2
CP142617.1	498626	498668	1
CP142617.1	498668	499268	0
CP142617.1	499268	499315	1
CP142617.1	499315	499316	0
CP142617.1	499316	499330	1
CP142617.1	499330	499333	0
CP142617.1	499333	499443	1
CP142617.1	499443	499497	0
CP142617.1	499497	499504	1
CP142617.1	499504	499505	0
CP142617.1	499505	499560	1
CP142617.1	499560	500112	0
CP142617.1	500112	500167	1
CP142617.1	500167	500277	0
CP142617.1	500277	500349	1
CP142617.1	500349	501779	0
CP142617.1	501779	501827	1
CP142617.1	501827	501830	0
CP142617.1	501830	501894	1
CP142617.1	501894	503284	0
CP142617.1	503284	503347	1
CP142617.1	503347	503350	0
CP142617.1	503350	503390	1
CP142617.1	503390	504386	0
CP142617.1	504386	504464	1
CP142617.1	504464	504898	0
CP142617.1	504898	505025	1
CP142617.1	505025	505475	0
CP142617.1	505475	505486	1
CP142617.1	505486	505487	0
CP142617.1	505487	505613	1
CP142617.1	505613	506613	0
CP142617.1	506613	506637	1
CP142617.1	506637	506640	0
CP142617.1	506640	506677	1
CP142617.1	506677	506779	0
CP142617.1	506779	506863	1
CP142617.1	506863	511243	0
CP142617.1	511243	511348	1
CP142617.1	511348	513215	0
CP142617.1	513215	513248	1
CP142617.1	513248	513298	2
CP142617.1	513298	513329	1
CP142617.1	513329	513546	0
CP142617.1	513546	513564	1
CP142617.1	513564	513610	2
CP142617.1	513610	513623	1
CP142617.1	513623	513705	0
CP142617.1	513705	513732	1
CP142617.1	513732	513734	0
CP142617.1	513734	513836	1
CP142617.1	513836	514112	0
CP142617.1	514112	514156	1
CP142617.1	514156	515520	0
CP142617.1	515520	515563	1
CP142617.1	515563	515564	0
CP142617.1	515564	515583	1
CP142617.1	515583	515584	0
CP142617.1	515584	515619	1
CP142617.1	515619	515679	0
CP142617.1	515679	515771	1
CP142617.1	515771	515959	0
CP142617.1	515959	515987	1
CP142617.1	515987	515989	0
CP142617.1	515989	516000	1
CP142617.1	516000	516004	0
CP142617.1	516004	516050	1
CP142617.1	516050	516069	0
CP142617.1	516069	516117	1
CP142617.1	516117	518608	0
CP142617.1	518608	518694	1
CP142617.1	518694	518834	0
CP142617.1	518834	519035	1
CP142617.1	519035	520598	0
CP142617.1	520598	520640	1
CP142617.1	520640	520642	0
CP142617.1	520642	520710	1
CP142617.1	520710	521242	0
CP142617.1	521242	521410	1
CP142617.1	521410	522973	0
CP142617.1	522973	523017	1
CP142617.1	523017	523021	2
CP142617.1	523021	523022	1
CP142617.1	523022	523058	2
CP142617.1	523058	523059	1
CP142617.1	523059	523117	2
CP142617.1	523117	523153	1
CP142617.1	523153	523162	0
CP142617.1	523162	523313	1
CP142617.1	523313	524197	0
CP142617.1	524197	524300	1
CP142617.1	524300	525101	0
CP142617.1	525101	525178	1
CP142617.1	525178	525802	0
CP142617.1	525802	525861	1
CP142617.1	525861	526330	0
CP142617.1	526330	526559	1
CP142617.1	526559	527200	0
CP142617.1	527200	527224	1
CP142617.1	527224	527280	2
CP142617.1	527280	527301	3
CP142617.1	527301	527336	2
CP142617.1	527336	527345	1
CP142617.1	527345	527346	0
CP142617.1	527346	527384	1
CP142617.1	527384	527385	0
CP142617.1	527385	527410	1
CP142617.1	527410	527411	0
CP142617.1	527411	527437	1
CP142617.1	527437	527993	0
CP142617.1	527993	528048	1
CP142617.1	528048	529982	0
CP142617.1	529982	530123	1
CP142617.1	530123	530884	0
CP142617.1	530884	530948	1
CP142617.1	530948	531083	0
CP142617.1	531083	531144	1
CP142617.1	531144	532570	0
CP142617.1	532570	532630	1
CP142617.1	532630	532652	2
CP142617.1	532652	532654	1
CP142617.1	532654	532662	2
CP142617.1	532662	532669	1
CP142617.1	532669	532700	2
CP142617.1	532700	532708	1
CP142617.1	532708	532709	0
CP142617.1	532709	532720	1
CP142617.1	532720	533333	0
CP142617.1	533333	533369	1
CP142617.1	533369	533377	2
CP142617.1	533377	533379	1
CP142617.1	533379	533434	2
CP142617.1	533434	533549	1
CP142617.1	533549	533707	0
CP142617.1	533707	533787	1
CP142617.1	533787	533788	0
CP142617.1	533788	533801	1
CP142617.1	533801	533802	0
CP142617.1	533802	533847	1
CP142617.1	533847	535328	0
CP142617.1	535328	535350	1
CP142617.1	535350	535351	0
CP142617.1	535351	535383	1
CP142617.1	535383	535411	0
CP142617.1	535411	535499	1
CP142617.1	535499	535500	0
CP142617.1	535500	535612	1
CP142617.1	535612	535613	0
CP142617.1	535613	535648	1
CP142617.1	535648	536097	0
CP142617.1	536097	536192	1
CP142617.1	536192	536421	0
CP142617.1	536421	536475	1
CP142617.1	536475	536476	0
CP142617.1	536476	536551	1
CP142617.1	536551	537593	0
CP142617.1	537593	537640	1
CP142617.1	537640	537823	0
CP142617.1	537823	537894	1
CP142617.1	537894	538800	0
CP142617.1	538800	538842	1
CP142617.1	538842	538843	0
CP142617.1	538843	538867	1
CP142617.1	538867	538868	0
CP142617.1	538868	538918	1
CP142617.1	538918	539222	0
CP142617.1	539222	539317	1
CP142617.1	539317	539457	0
CP142617.1	539457	539531	1
CP142617.1	539531	540197	0
CP142617.1	540197	540288	1
CP142617.1	540288	540607	0
CP142617.1	540607	540713	1
CP142617.1	540713	541424	0
CP142617.1	541424	541485	1
CP142617.1	541485	543802	0
CP142617.1	543802	543897	1
CP142617.1	543897	545479	0
CP142617.1	545479	545491	1
CP142617.1	545491	545492	0
CP142617.1	545492	545628	1
CP142617.1	545628	545892	0
CP142617.1	545892	545965	1
CP142617.1	545965	545966	0
CP142617.1	545966	546012	1
CP142617.1	546012	546750	0
CP142617.1	546750	546756	1
CP142617.1	546756	546821	2
CP142617.1	546821	547179	0
CP142617.1	547179	547263	1
CP142617.1	547263	548123	0
CP142617.1	548123	548290	1
CP142617.1	548290	548549	0
CP142617.1	548549	548566	1
CP142617.1	548566	548568	0
CP142617.1	548568	548619	1
CP142617.1	548619	548649	0
CP142617.1	548649	548693	1
CP142617.1	548693	549485	0
CP142617.1	549485	549513	1
CP142617.1	549513	549514	0
CP142617.1	549514	549529	1
CP142617.1	549529	549530	0
CP142617.1	549530	549551	1
CP142617.1	549551	549877	0
CP142617.1	549877	549931	1
CP142617.1	549931	549983	2
CP142617.1	549983	549984	1
CP142617.1	549984	550022	2
CP142617.1	550022	550081	1
CP142617.1	550081	551736	0
CP142617.1	551736	551862	1
CP142617.1	551862	551863	0
CP142617.1	551863	551903	1
CP142617.1	551903	551904	0
CP142617.1	551904	551956	1
CP142617.1	551956	551982	2
CP142617.1	551982	551985	1
CP142617.1	551985	552001	2
CP142617.1	552001	552004	0
CP142617.1	552004	552057	2
CP142617.1	552057	552058	1
CP142617.1	552058	552059	0
CP142617.1	552059	552125	1
CP142617.1	552125	552485	0
CP142617.1	552485	552617	1
CP142617.1	552617	553916	0
CP142617.1	553916	554039	1
CP142617.1	554039	555125	0
CP142617.1	555125	555171	1
CP142617.1	555171	555173	0
CP142617.1	555173	555197	1
CP142617.1	555197	556100	0
CP142617.1	556100	556191	1
CP142617.1	556191	556202	2
CP142617.1	556202	556244	3
CP142617.1	556244	556249	4
CP142617.1	556249	556250	2
CP142617.1	556250	556277	1
CP142617.1	556277	556479	0
CP142617.1	556479	556525	3
CP142617.1	556525	556556	2
CP142617.1	556556	556558	1
CP142617.1	556558	556574	2
CP142617.1	556574	556805	1
CP142617.1	556805	556849	0
CP142617.1	556849	556938	1
CP142617.1	556938	557082	0
CP142617.1	557082	557134	1
CP142617.1	557134	557548	0
CP142617.1	557548	557573	1
CP142617.1	557573	557574	0
CP142617.1	557574	557604	1
CP142617.1	557604	559369	0
CP142617.1	559369	559485	1
CP142617.1	559485	559685	0
CP142617.1	559685	559765	1
CP142617.1	559765	561604	0
CP142617.1	561604	561686	1
CP142617.1	561686	562558	0
CP142617.1	562558	562613	1
CP142617.1	562613	562693	0
CP142617.1	562693	562801	1
CP142617.1	562801	563283	0
CP142617.1	563283	563346	1
CP142617.1	563346	563736	0
CP142617.1	563736	563827	1
CP142617.1	563827	564650	0
CP142617.1	564650	564690	1
CP142617.1	564690	564694	0
CP142617.1	564694	564714	1
CP142617.1	564714	565143	0
CP142617.1	565143	565213	1
CP142617.1	565213	566498	0
CP142617.1	566498	566529	1
CP142617.1	566529	566535	0
CP142617.1	566535	566547	1
CP142617.1	566547	566550	0
CP142617.1	566550	566576	1
CP142617.1	566576	568141	0
CP142617.1	568141	568255	1
CP142617.1	568255	569059	0
CP142617.1	569059	569211	1
CP142617.1	569211	569214	0
CP142617.1	569214	569258	1
CP142617.1	569258	569457	0
CP142617.1	569457	569547	1
CP142617.1	569547	573259	0
CP142617.1	573259	573295	1
CP142617.1	573295	575683	0
CP142617.1	575683	575775	1
CP142617.1	575775	575776	0
CP142617.1	575776	575900	1
CP142617.1	575900	577985	0
CP142617.1	577985	578051	1
CP142617.1	578051	578163	0
CP142617.1	578163	578234	1
CP142617.1	578234	578235	0
CP142617.1	578235	578263	1
CP142617.1	578263	579464	0
CP142617.1	579464	579529	1
CP142617.1	579529	581800	0
CP142617.1	581800	581893	1
CP142617.1	581893	582454	0
CP142617.1	582454	582462	1
CP142617.1	582462	582463	0
CP142617.1	582463	582515	1
CP142617.1	582515	582567	2
CP142617.1	582567	582578	1
CP142617.1	582578	584180	0
CP142617.1	584180	584263	1
CP142617.1	584263	587729	0
CP142617.1	587729	587863	1
CP142617.1	587863	587934	0
CP142617.1	587934	587967	1
CP142617.1	587967	587968	0
CP142617.1	587968	588028	1
CP142617.1	588028	588730	0
CP142617.1	588730	588824	1
CP142617.1	588824	589477	0
CP142617.1	589477	589498	1
CP142617.1	589498	589535	2
CP142617.1	589535	589536	1
CP142617.1	589536	589566	2
CP142617.1	589566	589599	1
CP142617.1	589599	589810	0
CP142617.1	589810	589824	1
CP142617.1	589824	589825	0
CP142617.1	589825	589899	1
CP142617.1	589899	589900	0
CP142617.1	589900	589923	1
CP142617.1	589923	589924	0
CP142617.1	589924	589944	1
CP142617.1	589944	589947	0
CP142617.1	589947	589970	1
CP142617.1	589970	589971	0
CP142617.1	589971	590114	1
CP142617.1	590114	590985	0
CP142617.1	590985	591100	1
CP142617.1	591100	591101	0
CP142617.1	591101	591131	1
CP142617.1	591131	591134	0
CP142617.1	591134	591181	1
CP142617.1	591181	593772	0
CP142617.1	593772	593815	1
CP142617.1	593815	593823	0
CP142617.1	593823	593866	1
CP142617.1	593866	594496	0
CP142617.1	594496	594534	1
CP142617.1	594534	594537	0
CP142617.1	594537	594653	1
CP142617.1	594653	598294	0
CP142617.1	598294	598351	1
CP142617.1	598351	598370	2
CP142617.1	598370	598417	1
CP142617.1	598417	598494	2
CP142617.1	598494	598507	1
CP142617.1	598507	598533	2
CP142617.1	598533	598554	1
CP142617.1	598554	600249	0
CP142617.1	600249	600318	1
CP142617.1	600318	601746	0
CP142617.1	601746	601758	1
CP142617.1	601758	601804	2
CP142617.1	601804	601805	0
CP142617.1	601805	601860	2
CP142617.1	601860	602377	0
CP142617.1	602377	602399	1
CP142617.1	602399	602401	0
CP142617.1	602401	602446	1
CP142617.1	602446	602448	0
CP142617.1	602448	602594	1
CP142617.1	602594	602709	0
CP142617.1	602709	602747	1
CP142617.1	602747	602784	2
CP142617.1	602784	602787	1
CP142617.1	602787	602844	2
CP142617.1	602844	602849	1
CP142617.1	602849	603425	0
CP142617.1	603425	603469	1
CP142617.1	603469	603593	2
CP142617.1	603593	603636	1
CP142617.1	603636	604109	0
CP142617.1	604109	604234	1
CP142617.1	604234	604239	0
CP142617.1	604239	604296	1
CP142617.1	604296	604614	0
CP142617.1	604614	604731	1
CP142617.1	604731	604899	0
CP142617.1	604899	604994	1
CP142617.1	604994	606571	0
CP142617.1	606571	606652	1
CP142617.1	606652	606812	0
CP142617.1	606812	606866	1
CP142617.1	606866	608132	0
CP142617.1	608132	608181	1
CP142617.1	608181	608183	0
CP142617.1	608183	608247	1
CP142617.1	608247	608295	0
CP142617.1	608295	608370	1
CP142617.1	608370	610364	0
CP142617.1	610364	610465	1
CP142617.1	610465	610466	0
CP142617.1	610466	610571	1
CP142617.1	610571	611017	0
CP142617.1	611017	611114	1
CP142617.1	611114	611574	0
CP142617.1	611574	611644	1
CP142617.1	611644	612344	0
CP142617.1	612344	612368	1
CP142617.1	612368	612369	0
CP142617.1	612369	612412	1
CP142617.1	612412	614011	0
CP142617.1	614011	614063	1
CP142617.1	614063	614528	0
CP142617.1	614528	614555	1
CP142617.1	614555	614556	0
CP142617.1	614556	614576	1
CP142617.1	614576	614577	0
CP142617.1	614577	614588	1
CP142617.1	614588	614590	0
CP142617.1	614590	614608	1
CP142617.1	614608	615415	0
CP142617.1	615415	615456	1
CP142617.1	615456	615457	0
CP142617.1	615457	615575	1
CP142617.1	615575	615759	0
CP142617.1	615759	615857	1
CP142617.1	615857	615916	2
CP142617.1	615916	615975	1
CP142617.1	615975	616087	0
CP142617.1	616087	616219	1
CP142617.1	616219	618370	0
CP142617.1	618370	618439	1
CP142617.1	618439	618465	2
CP142617.1	618465	618482	1
CP142617.1	618482	618484	0
CP142617.1	618484	618504	1
CP142617.1	618504	618505	0
CP142617.1	618505	618528	1
CP142617.1	618528	618529	0
CP142617.1	618529	618558	1
CP142617.1	618558	619497	0
CP142617.1	619497	619585	1
CP142617.1	619585	619591	0
CP142617.1	619591	619640	1
CP142617.1	619640	619990	0
CP142617.1	619990	620089	1
CP142617.1	620089	621801	0
CP142617.1	621801	621805	1
CP142617.1	621805	621806	0
CP142617.1	621806	621856	1
CP142617.1	621856	621861	2
CP142617.1	621861	621890	1
CP142617.1	621890	621891	0
CP142617.1	621891	622032	1
CP142617.1	622032	623232	0
CP142617.1	623232	623322	1
CP142617.1	623322	623641	0
CP142617.1	623641	623736	1
CP142617.1	623736	623830	0
CP142617.1	623830	623884	1
CP142617.1	623884	624310	0
CP142617.1	624310	624334	1
CP142617.1	624334	624340	0
CP142617.1	624340	624411	1
CP142617.1	624411	626185	0
CP142617.1	626185	626231	1
CP142617.1	626231	626679	0
CP142617.1	626679	626898	1
CP142617.1	626898	629015	0
