CP142613.1	0	2116	0
CP142613.1	2116	2173	1
CP142613.1	2173	2201	0
CP142613.1	2201	2337	1
CP142613.1	2337	2690	0
CP142613.1	2690	2698	1
CP142613.1	2698	2699	0
CP142613.1	2699	2731	1
CP142613.1	2731	2745	0
CP142613.1	2745	2780	1
CP142613.1	2780	2791	2
CP142613.1	2791	2833	1
CP142613.1	2833	4689	0
CP142613.1	4689	4737	1
CP142613.1	4737	4738	0
CP142613.1	4738	4782	1
CP142613.1	4782	5164	0
CP142613.1	5164	5169	1
CP142613.1	5169	5219	2
CP142613.1	5219	5273	1
CP142613.1	5273	5290	0
CP142613.1	5290	5478	1
CP142613.1	5478	5704	0
CP142613.1	5704	5790	1
CP142613.1	5790	7260	0
CP142613.1	7260	7327	1
CP142613.1	7327	10267	0
CP142613.1	10267	10337	1
CP142613.1	10337	10354	2
CP142613.1	10354	10359	1
CP142613.1	10359	10360	0
CP142613.1	10360	10390	1
CP142613.1	10390	10391	0
CP142613.1	10391	10410	1
CP142613.1	10410	10412	0
CP142613.1	10412	10436	1
CP142613.1	10436	10451	2
CP142613.1	10451	10452	1
CP142613.1	10452	10457	2
CP142613.1	10457	10525	1
CP142613.1	10525	10973	0
CP142613.1	10973	11207	1
CP142613.1	11207	11895	0
CP142613.1	11895	11990	1
CP142613.1	11990	12624	0
CP142613.1	12624	12676	1
CP142613.1	12676	12761	2
CP142613.1	12761	12808	1
CP142613.1	12808	12976	0
CP142613.1	12976	13136	1
CP142613.1	13136	13234	0
CP142613.1	13234	13257	1
CP142613.1	13257	13260	0
CP142613.1	13260	13292	1
CP142613.1	13292	15204	0
CP142613.1	15204	15254	1
CP142613.1	15254	15299	0
CP142613.1	15299	15429	1
CP142613.1	15429	16448	0
CP142613.1	16448	16510	1
CP142613.1	16510	17256	0
CP142613.1	17256	17327	1
CP142613.1	17327	17658	0
CP142613.1	17658	17824	1
CP142613.1	17824	17929	0
CP142613.1	17929	18020	1
CP142613.1	18020	22247	0
CP142613.1	22247	22318	1
CP142613.1	22318	22793	0
CP142613.1	22793	22824	1
CP142613.1	22824	22825	0
CP142613.1	22825	22848	1
CP142613.1	22848	22849	0
CP142613.1	22849	22862	1
CP142613.1	22862	22865	0
CP142613.1	22865	22915	1
CP142613.1	22915	22917	0
CP142613.1	22917	22990	1
CP142613.1	22990	24154	0
CP142613.1	24154	24202	1
CP142613.1	24202	24205	0
CP142613.1	24205	24272	1
CP142613.1	24272	25861	0
CP142613.1	25861	25914	1
CP142613.1	25914	25915	0
CP142613.1	25915	25944	1
CP142613.1	25944	26471	0
CP142613.1	26471	26484	1
CP142613.1	26484	26485	0
CP142613.1	26485	26513	1
CP142613.1	26513	26515	0
CP142613.1	26515	26590	1
CP142613.1	26590	27033	0
CP142613.1	27033	27068	1
CP142613.1	27068	27072	0
CP142613.1	27072	27082	1
CP142613.1	27082	27083	0
CP142613.1	27083	27133	1
CP142613.1	27133	27651	0
CP142613.1	27651	27752	1
CP142613.1	27752	28618	0
CP142613.1	28618	28674	1
CP142613.1	28674	28881	0
CP142613.1	28881	28945	1
CP142613.1	28945	29092	0
CP142613.1	29092	29145	1
CP142613.1	29145	29146	0
CP142613.1	29146	29169	1
CP142613.1	29169	30121	0
CP142613.1	30121	30227	1
CP142613.1	30227	30537	0
CP142613.1	30537	30573	1
CP142613.1	30573	31295	0
CP142613.1	31295	31421	1
CP142613.1	31421	31424	0
CP142613.1	31424	31443	1
CP142613.1	31443	31444	0
CP142613.1	31444	31525	1
CP142613.1	31525	32461	0
CP142613.1	32461	32486	1
CP142613.1	32486	32488	0
CP142613.1	32488	32544	1
CP142613.1	32544	32652	0
CP142613.1	32652	32739	1
CP142613.1	32739	34602	0
CP142613.1	34602	34649	1
CP142613.1	34649	34651	0
CP142613.1	34651	34681	1
CP142613.1	34681	34834	0
CP142613.1	34834	34892	1
CP142613.1	34892	35303	0
CP142613.1	35303	35368	1
CP142613.1	35368	37438	0
CP142613.1	37438	37528	1
CP142613.1	37528	41784	0
CP142613.1	41784	41830	1
CP142613.1	41830	41852	2
CP142613.1	41852	41907	1
CP142613.1	41907	46589	0
CP142613.1	46589	46689	1
CP142613.1	46689	46847	0
CP142613.1	46847	46893	1
CP142613.1	46893	46894	0
CP142613.1	46894	46947	1
CP142613.1	46947	47916	0
CP142613.1	47916	47937	1
CP142613.1	47937	47939	0
CP142613.1	47939	48013	1
CP142613.1	48013	48014	0
CP142613.1	48014	48033	1
CP142613.1	48033	50021	0
CP142613.1	50021	50111	1
CP142613.1	50111	50593	0
CP142613.1	50593	50662	1
CP142613.1	50662	50855	0
CP142613.1	50855	50906	1
CP142613.1	50906	52378	0
CP142613.1	52378	52433	1
CP142613.1	52433	53468	0
CP142613.1	53468	53494	1
CP142613.1	53494	53497	0
CP142613.1	53497	53595	1
CP142613.1	53595	53868	0
CP142613.1	53868	53889	1
CP142613.1	53889	53890	0
CP142613.1	53890	53944	1
CP142613.1	53944	55375	0
CP142613.1	55375	55441	1
CP142613.1	55441	55457	0
CP142613.1	55457	55493	1
CP142613.1	55493	56975	0
CP142613.1	56975	57058	1
CP142613.1	57058	57914	0
CP142613.1	57914	57954	1
CP142613.1	57954	59307	0
CP142613.1	59307	59347	1
CP142613.1	59347	59348	0
CP142613.1	59348	59527	1
CP142613.1	59527	60415	0
CP142613.1	60415	60424	1
CP142613.1	60424	60431	0
CP142613.1	60431	60446	1
CP142613.1	60446	60449	0
CP142613.1	60449	60505	1
CP142613.1	60505	62142	0
CP142613.1	62142	62183	1
CP142613.1	62183	62184	0
CP142613.1	62184	62225	1
CP142613.1	62225	63083	0
CP142613.1	63083	63152	1
CP142613.1	63152	63856	0
CP142613.1	63856	63874	1
CP142613.1	63874	63877	0
CP142613.1	63877	63920	1
CP142613.1	63920	65787	0
CP142613.1	65787	65877	1
CP142613.1	65877	68161	0
CP142613.1	68161	68227	1
CP142613.1	68227	68231	0
CP142613.1	68231	68248	1
CP142613.1	68248	71893	0
CP142613.1	71893	72016	1
CP142613.1	72016	72050	2
CP142613.1	72050	72073	3
CP142613.1	72073	72088	2
CP142613.1	72088	72089	1
CP142613.1	72089	72129	2
CP142613.1	72129	72130	1
CP142613.1	72130	72135	2
CP142613.1	72135	72149	1
CP142613.1	72149	72314	0
CP142613.1	72314	72329	1
CP142613.1	72329	72331	0
CP142613.1	72331	72480	1
CP142613.1	72480	72590	0
CP142613.1	72590	72729	1
CP142613.1	72729	72889	0
CP142613.1	72889	72958	1
CP142613.1	72958	72975	0
CP142613.1	72975	73038	1
CP142613.1	73038	73043	0
CP142613.1	73043	73174	1
CP142613.1	73174	73383	0
CP142613.1	73383	73407	1
CP142613.1	73407	73408	0
CP142613.1	73408	73445	1
CP142613.1	73445	73468	0
CP142613.1	73468	73522	1
CP142613.1	73522	74074	0
CP142613.1	74074	74162	1
CP142613.1	74162	74254	0
CP142613.1	74254	74310	2
CP142613.1	74310	76578	0
CP142613.1	76578	76677	1
CP142613.1	76677	76678	0
CP142613.1	76678	76715	1
CP142613.1	76715	76716	0
CP142613.1	76716	76758	1
CP142613.1	76758	77625	0
CP142613.1	77625	77649	1
CP142613.1	77649	77701	2
CP142613.1	77701	77722	1
CP142613.1	77722	78164	0
CP142613.1	78164	78189	1
CP142613.1	78189	78198	0
CP142613.1	78198	78285	1
CP142613.1	78285	78315	2
CP142613.1	78315	78317	1
CP142613.1	78317	78349	2
CP142613.1	78349	78385	1
CP142613.1	78385	78388	0
CP142613.1	78388	78428	1
CP142613.1	78428	78468	0
CP142613.1	78468	78472	1
CP142613.1	78472	78473	0
CP142613.1	78473	78489	1
CP142613.1	78489	78497	2
CP142613.1	78497	78499	1
CP142613.1	78499	78647	2
CP142613.1	78647	78703	1
CP142613.1	78703	79013	0
CP142613.1	79013	79045	1
CP142613.1	79045	79060	2
CP142613.1	79060	79061	1
CP142613.1	79061	79073	2
CP142613.1	79073	79095	1
CP142613.1	79095	79620	0
CP142613.1	79620	79785	1
CP142613.1	79785	80117	0
CP142613.1	80117	80222	1
CP142613.1	80222	80642	0
CP142613.1	80642	80750	1
CP142613.1	80750	80752	0
CP142613.1	80752	80765	1
CP142613.1	80765	81908	0
CP142613.1	81908	82013	1
CP142613.1	82013	82277	0
CP142613.1	82277	82360	1
CP142613.1	82360	82406	2
CP142613.1	82406	82407	1
CP142613.1	82407	82426	2
CP142613.1	82426	82434	1
CP142613.1	82434	82841	0
CP142613.1	82841	82936	1
CP142613.1	82936	82939	0
CP142613.1	82939	83028	1
CP142613.1	83028	83178	0
CP142613.1	83178	83284	1
CP142613.1	83284	83285	0
CP142613.1	83285	83298	1
CP142613.1	83298	83724	0
CP142613.1	83724	83776	1
CP142613.1	83776	88275	0
CP142613.1	88275	88320	1
CP142613.1	88320	88601	0
CP142613.1	88601	88709	1
CP142613.1	88709	90046	0
CP142613.1	90046	90114	1
CP142613.1	90114	90252	0
CP142613.1	90252	90344	1
CP142613.1	90344	92209	0
CP142613.1	92209	92301	1
CP142613.1	92301	92554	0
CP142613.1	92554	92609	1
CP142613.1	92609	94389	0
CP142613.1	94389	94574	1
CP142613.1	94574	94796	0
CP142613.1	94796	94870	1
CP142613.1	94870	95246	0
CP142613.1	95246	95277	1
CP142613.1	95277	95279	0
CP142613.1	95279	95367	1
CP142613.1	95367	95999	0
CP142613.1	95999	96148	1
CP142613.1	96148	100263	0
CP142613.1	100263	100397	1
CP142613.1	100397	101044	0
CP142613.1	101044	101154	1
CP142613.1	101154	101156	0
CP142613.1	101156	101266	1
CP142613.1	101266	101962	0
CP142613.1	101962	102040	1
CP142613.1	102040	102430	0
CP142613.1	102430	102510	1
CP142613.1	102510	103308	0
CP142613.1	103308	103411	1
CP142613.1	103411	106807	0
CP142613.1	106807	106917	1
CP142613.1	106917	106957	0
CP142613.1	106957	107003	1
CP142613.1	107003	107957	0
CP142613.1	107957	108009	1
CP142613.1	108009	108503	0
CP142613.1	108503	108527	1
CP142613.1	108527	108718	2
CP142613.1	108718	108767	1
CP142613.1	108767	108928	0
CP142613.1	108928	108993	1
CP142613.1	108993	109265	0
CP142613.1	109265	109322	1
CP142613.1	109322	109474	0
CP142613.1	109474	109523	1
CP142613.1	109523	109844	0
CP142613.1	109844	109885	1
CP142613.1	109885	110504	0
CP142613.1	110504	110591	1
CP142613.1	110591	110924	0
CP142613.1	110924	111027	1
CP142613.1	111027	111767	0
CP142613.1	111767	111892	1
CP142613.1	111892	114269	0
CP142613.1	114269	114350	1
CP142613.1	114350	116003	0
CP142613.1	116003	116061	1
CP142613.1	116061	116304	0
CP142613.1	116304	116463	1
CP142613.1	116463	117746	0
CP142613.1	117746	117791	1
CP142613.1	117791	120735	0
CP142613.1	120735	120819	1
CP142613.1	120819	121985	0
CP142613.1	121985	122111	1
CP142613.1	122111	122112	0
CP142613.1	122112	122123	1
CP142613.1	122123	122700	0
CP142613.1	122700	122732	1
CP142613.1	122732	122733	0
CP142613.1	122733	122793	1
CP142613.1	122793	125936	0
CP142613.1	125936	126063	1
CP142613.1	126063	127500	0
CP142613.1	127500	127550	1
CP142613.1	127550	127655	0
CP142613.1	127655	127715	1
CP142613.1	127715	128384	0
CP142613.1	128384	128490	1
CP142613.1	128490	128493	0
CP142613.1	128493	128509	1
CP142613.1	128509	128510	0
CP142613.1	128510	128559	1
CP142613.1	128559	129201	0
CP142613.1	129201	129298	1
CP142613.1	129298	129924	0
CP142613.1	129924	130018	1
CP142613.1	130018	131774	0
CP142613.1	131774	131873	1
CP142613.1	131873	131876	0
CP142613.1	131876	131882	1
CP142613.1	131882	131883	0
CP142613.1	131883	131895	1
CP142613.1	131895	133615	0
CP142613.1	133615	133697	1
CP142613.1	133697	133698	0
CP142613.1	133698	133719	1
CP142613.1	133719	134890	0
CP142613.1	134890	134965	1
CP142613.1	134965	134966	0
CP142613.1	134966	135006	1
CP142613.1	135006	135086	0
CP142613.1	135086	135135	1
CP142613.1	135135	135855	0
CP142613.1	135855	135939	1
CP142613.1	135939	138329	0
CP142613.1	138329	138441	1
CP142613.1	138441	139766	0
CP142613.1	139766	139834	1
CP142613.1	139834	140523	0
CP142613.1	140523	140646	1
CP142613.1	140646	142683	0
CP142613.1	142683	142757	1
CP142613.1	142757	143018	0
CP142613.1	143018	143048	1
CP142613.1	143048	143308	0
CP142613.1	143308	143332	1
CP142613.1	143332	143333	0
CP142613.1	143333	143452	1
CP142613.1	143452	144261	0
CP142613.1	144261	144338	1
CP142613.1	144338	144342	2
CP142613.1	144342	144408	1
CP142613.1	144408	144413	0
CP142613.1	144413	144472	1
CP142613.1	144472	144473	0
CP142613.1	144473	144574	1
CP142613.1	144574	145000	0
CP142613.1	145000	145030	1
CP142613.1	145030	145031	0
CP142613.1	145031	145107	1
CP142613.1	145107	146308	0
CP142613.1	146308	146384	1
CP142613.1	146384	146385	0
CP142613.1	146385	146400	1
CP142613.1	146400	146426	0
CP142613.1	146426	146581	1
CP142613.1	146581	147748	0
CP142613.1	147748	147781	1
CP142613.1	147781	147782	0
CP142613.1	147782	147817	1
CP142613.1	147817	148267	0
CP142613.1	148267	148450	1
CP142613.1	148450	149524	0
CP142613.1	149524	149651	1
CP142613.1	149651	149653	0
CP142613.1	149653	149779	1
CP142613.1	149779	149788	0
CP142613.1	149788	149827	1
CP142613.1	149827	150906	0
CP142613.1	150906	150985	1
CP142613.1	150985	152810	0
CP142613.1	152810	152915	1
CP142613.1	152915	153626	0
CP142613.1	153626	153738	1
CP142613.1	153738	153747	0
CP142613.1	153747	153777	1
CP142613.1	153777	153778	0
CP142613.1	153778	153858	1
CP142613.1	153858	153861	0
CP142613.1	153861	153938	1
CP142613.1	153938	153939	0
CP142613.1	153939	153953	1
CP142613.1	153953	154255	0
CP142613.1	154255	154313	1
CP142613.1	154313	155885	0
CP142613.1	155885	155937	1
CP142613.1	155937	155977	2
CP142613.1	155977	155978	1
CP142613.1	155978	155982	2
CP142613.1	155982	155985	1
CP142613.1	155985	156026	2
CP142613.1	156026	156102	1
CP142613.1	156102	156130	2
CP142613.1	156130	156168	1
CP142613.1	156168	156228	0
CP142613.1	156228	156233	1
CP142613.1	156233	156313	2
CP142613.1	156313	156316	1
CP142613.1	156316	156332	2
CP142613.1	156332	156334	1
CP142613.1	156334	156383	2
CP142613.1	156383	156402	1
CP142613.1	156402	156423	0
CP142613.1	156423	156486	1
CP142613.1	156486	156728	0
CP142613.1	156728	156805	1
CP142613.1	156805	157107	0
CP142613.1	157107	157251	1
CP142613.1	157251	157404	0
CP142613.1	157404	157555	1
CP142613.1	157555	162237	0
CP142613.1	162237	162262	1
CP142613.1	162262	162286	2
CP142613.1	162286	162340	3
CP142613.1	162340	162449	2
CP142613.1	162449	162450	1
CP142613.1	162450	162496	2
CP142613.1	162496	162548	1
CP142613.1	162548	164390	0
CP142613.1	164390	164454	1
CP142613.1	164454	164484	0
CP142613.1	164484	164587	1
CP142613.1	164587	165669	0
CP142613.1	165669	165681	1
CP142613.1	165681	165684	0
CP142613.1	165684	165743	1
CP142613.1	165743	166847	0
CP142613.1	166847	166868	1
CP142613.1	166868	166871	0
CP142613.1	166871	166934	1
CP142613.1	166934	167058	0
CP142613.1	167058	167145	1
CP142613.1	167145	167339	0
CP142613.1	167339	167407	1
CP142613.1	167407	167492	2
CP142613.1	167492	167570	1
CP142613.1	167570	168955	0
CP142613.1	168955	169083	1
CP142613.1	169083	169088	0
CP142613.1	169088	169141	1
CP142613.1	169141	169550	0
CP142613.1	169550	169621	1
CP142613.1	169621	169690	0
CP142613.1	169690	169790	1
CP142613.1	169790	170233	0
CP142613.1	170233	170288	1
CP142613.1	170288	170555	0
CP142613.1	170555	170645	1
CP142613.1	170645	170717	0
CP142613.1	170717	170720	1
CP142613.1	170720	170756	2
CP142613.1	170756	170759	1
CP142613.1	170759	170786	2
CP142613.1	170786	170787	0
CP142613.1	170787	170838	1
CP142613.1	170838	171904	0
CP142613.1	171904	171987	1
CP142613.1	171987	172477	0
CP142613.1	172477	172582	1
CP142613.1	172582	172725	0
CP142613.1	172725	172833	1
CP142613.1	172833	173763	0
CP142613.1	173763	173837	1
CP142613.1	173837	174741	0
CP142613.1	174741	174797	1
CP142613.1	174797	175456	0
CP142613.1	175456	175547	1
CP142613.1	175547	175730	0
CP142613.1	175730	175812	1
CP142613.1	175812	175813	0
CP142613.1	175813	175933	1
CP142613.1	175933	176439	0
CP142613.1	176439	176471	1
CP142613.1	176471	176473	0
CP142613.1	176473	176529	1
CP142613.1	176529	176530	0
CP142613.1	176530	176546	1
CP142613.1	176546	177107	0
CP142613.1	177107	177254	1
CP142613.1	177254	178562	0
CP142613.1	178562	178585	1
CP142613.1	178585	178593	0
CP142613.1	178593	178625	1
CP142613.1	178625	178627	0
CP142613.1	178627	178730	1
CP142613.1	178730	178914	0
CP142613.1	178914	178922	1
CP142613.1	178922	178923	0
CP142613.1	178923	178980	1
CP142613.1	178980	178981	0
CP142613.1	178981	178992	1
CP142613.1	178992	178993	0
CP142613.1	178993	179021	1
CP142613.1	179021	179114	0
CP142613.1	179114	179282	1
CP142613.1	179282	181106	0
CP142613.1	181106	181146	1
CP142613.1	181146	181154	0
CP142613.1	181154	181233	1
CP142613.1	181233	181236	0
CP142613.1	181236	181276	1
CP142613.1	181276	181598	0
CP142613.1	181598	181637	1
CP142613.1	181637	181641	0
CP142613.1	181641	181745	1
CP142613.1	181745	182379	0
CP142613.1	182379	182453	1
CP142613.1	182453	184404	0
CP142613.1	184404	184503	1
CP142613.1	184503	185406	0
CP142613.1	185406	185434	1
CP142613.1	185434	185492	2
CP142613.1	185492	185494	1
CP142613.1	185494	185506	2
CP142613.1	185506	185522	1
CP142613.1	185522	185523	0
CP142613.1	185523	185543	1
CP142613.1	185543	186614	0
CP142613.1	186614	186688	1
CP142613.1	186688	186997	0
CP142613.1	186997	187085	1
CP142613.1	187085	187865	0
CP142613.1	187865	187944	1
CP142613.1	187944	189075	0
CP142613.1	189075	189146	1
CP142613.1	189146	189475	0
CP142613.1	189475	189594	1
CP142613.1	189594	190761	0
CP142613.1	190761	190799	1
CP142613.1	190799	190800	0
CP142613.1	190800	190841	1
CP142613.1	190841	191671	0
CP142613.1	191671	191721	1
CP142613.1	191721	191730	0
CP142613.1	191730	191839	1
CP142613.1	191839	192736	0
CP142613.1	192736	192913	1
CP142613.1	192913	194626	0
CP142613.1	194626	194667	1
CP142613.1	194667	195982	0
CP142613.1	195982	196022	1
CP142613.1	196022	196025	0
CP142613.1	196025	196105	1
CP142613.1	196105	196299	0
CP142613.1	196299	196394	1
CP142613.1	196394	196412	0
CP142613.1	196412	196551	1
CP142613.1	196551	197112	0
CP142613.1	197112	197229	1
CP142613.1	197229	197290	0
CP142613.1	197290	197364	1
CP142613.1	197364	197381	2
CP142613.1	197381	197383	1
CP142613.1	197383	197393	2
CP142613.1	197393	197395	1
CP142613.1	197395	197442	2
CP142613.1	197442	197465	1
CP142613.1	197465	198310	0
CP142613.1	198310	198429	1
CP142613.1	198429	198715	0
CP142613.1	198715	198873	1
CP142613.1	198873	199647	0
CP142613.1	199647	199790	1
CP142613.1	199790	200004	0
CP142613.1	200004	200093	1
CP142613.1	200093	200096	0
CP142613.1	200096	200148	1
CP142613.1	200148	200174	2
CP142613.1	200174	200328	1
CP142613.1	200328	201048	0
CP142613.1	201048	201097	1
CP142613.1	201097	201099	0
CP142613.1	201099	201143	1
CP142613.1	201143	201179	2
CP142613.1	201179	201197	0
CP142613.1	201197	201215	2
CP142613.1	201215	201235	3
CP142613.1	201235	201242	2
CP142613.1	201242	201243	1
CP142613.1	201243	201245	0
CP142613.1	201245	201326	1
CP142613.1	201326	201332	0
CP142613.1	201332	201360	1
CP142613.1	201360	201923	0
CP142613.1	201923	201999	1
CP142613.1	201999	202000	0
CP142613.1	202000	202043	1
CP142613.1	202043	202624	0
CP142613.1	202624	202692	1
CP142613.1	202692	207037	0
CP142613.1	207037	207103	1
CP142613.1	207103	208094	0
CP142613.1	208094	208194	1
CP142613.1	208194	208606	0
CP142613.1	208606	208755	1
CP142613.1	208755	209042	0
CP142613.1	209042	209194	1
CP142613.1	209194	209557	0
CP142613.1	209557	209625	1
CP142613.1	209625	209671	0
CP142613.1	209671	209752	1
CP142613.1	209752	209773	0
CP142613.1	209773	209841	1
CP142613.1	209841	211225	0
CP142613.1	211225	211384	1
CP142613.1	211384	211850	0
CP142613.1	211850	211893	1
CP142613.1	211893	212641	0
CP142613.1	212641	212704	1
CP142613.1	212704	212705	0
CP142613.1	212705	212742	1
CP142613.1	212742	212796	0
CP142613.1	212796	212938	1
CP142613.1	212938	213229	0
CP142613.1	213229	213301	1
CP142613.1	213301	213304	0
CP142613.1	213304	213363	1
CP142613.1	213363	214228	0
CP142613.1	214228	214274	1
CP142613.1	214274	214275	0
CP142613.1	214275	214365	1
CP142613.1	214365	214745	0
CP142613.1	214745	214759	1
CP142613.1	214759	214762	0
CP142613.1	214762	214812	1
CP142613.1	214812	214816	0
CP142613.1	214816	214882	1
CP142613.1	214882	215533	0
CP142613.1	215533	215750	1
CP142613.1	215750	216403	0
CP142613.1	216403	216441	1
CP142613.1	216441	218734	0
CP142613.1	218734	218812	1
CP142613.1	218812	219201	0
CP142613.1	219201	219284	1
CP142613.1	219284	219330	2
CP142613.1	219330	219332	1
CP142613.1	219332	220985	0
CP142613.1	220985	221016	1
CP142613.1	221016	221019	0
CP142613.1	221019	221071	1
CP142613.1	221071	222199	0
CP142613.1	222199	222209	1
CP142613.1	222209	222256	2
CP142613.1	222256	222257	1
CP142613.1	222257	222261	2
CP142613.1	222261	222302	1
CP142613.1	222302	222434	0
CP142613.1	222434	222523	1
CP142613.1	222523	226113	0
CP142613.1	226113	226200	1
CP142613.1	226200	226882	0
CP142613.1	226882	226931	1
CP142613.1	226931	226956	0
CP142613.1	226956	227008	6
CP142613.1	227008	227190	1
CP142613.1	227190	227466	0
CP142613.1	227466	227562	1
CP142613.1	227562	228672	0
CP142613.1	228672	228836	1
CP142613.1	228836	228946	0
CP142613.1	228946	229031	1
CP142613.1	229031	229032	0
CP142613.1	229032	229067	1
CP142613.1	229067	229157	0
CP142613.1	229157	229256	1
CP142613.1	229256	231816	0
CP142613.1	231816	231924	1
CP142613.1	231924	231925	0
CP142613.1	231925	231961	1
CP142613.1	231961	232022	0
CP142613.1	232022	232037	1
CP142613.1	232037	232039	0
CP142613.1	232039	232158	1
CP142613.1	232158	232160	0
CP142613.1	232160	232218	1
CP142613.1	232218	232221	0
CP142613.1	232221	232403	1
CP142613.1	232403	232789	0
CP142613.1	232789	232953	1
CP142613.1	232953	233824	0
CP142613.1	233824	233895	1
CP142613.1	233895	235206	0
CP142613.1	235206	235257	1
CP142613.1	235257	235259	0
CP142613.1	235259	235345	1
CP142613.1	235345	236403	0
CP142613.1	236403	236414	1
CP142613.1	236414	236503	2
CP142613.1	236503	236504	1
CP142613.1	236504	236541	2
CP142613.1	236541	236559	1
CP142613.1	236559	236592	2
CP142613.1	236592	236595	1
CP142613.1	236595	236665	2
CP142613.1	236665	236671	1
CP142613.1	236671	236695	0
CP142613.1	236695	236706	1
CP142613.1	236706	236709	0
CP142613.1	236709	236765	1
CP142613.1	236765	239946	0
CP142613.1	239946	240010	1
CP142613.1	240010	240013	0
CP142613.1	240013	240022	1
CP142613.1	240022	240023	0
CP142613.1	240023	240113	1
CP142613.1	240113	240210	0
CP142613.1	240210	240293	1
CP142613.1	240293	241196	0
CP142613.1	241196	241262	1
CP142613.1	241262	241266	0
CP142613.1	241266	241303	1
CP142613.1	241303	241361	0
CP142613.1	241361	241381	1
CP142613.1	241381	241382	0
CP142613.1	241382	241455	1
CP142613.1	241455	241507	0
CP142613.1	241507	241517	1
CP142613.1	241517	241519	0
CP142613.1	241519	241539	1
CP142613.1	241539	241540	0
CP142613.1	241540	241607	1
CP142613.1	241607	241613	0
CP142613.1	241613	241646	1
CP142613.1	241646	241668	2
CP142613.1	241668	241678	1
CP142613.1	241678	241700	2
CP142613.1	241700	241792	1
CP142613.1	241792	241793	0
CP142613.1	241793	241820	1
CP142613.1	241820	243061	0
CP142613.1	243061	243124	1
CP142613.1	243124	243163	0
CP142613.1	243163	243264	1
CP142613.1	243264	243352	0
CP142613.1	243352	243467	1
CP142613.1	243467	244008	0
CP142613.1	244008	244041	1
CP142613.1	244041	244068	2
CP142613.1	244068	244118	3
CP142613.1	244118	244124	2
CP142613.1	244124	244164	1
CP142613.1	244164	244308	0
CP142613.1	244308	244411	1
CP142613.1	244411	245754	0
CP142613.1	245754	245922	1
CP142613.1	245922	249014	0
CP142613.1	249014	249076	1
CP142613.1	249076	252155	0
CP142613.1	252155	252159	1
CP142613.1	252159	252161	0
CP142613.1	252161	252233	1
CP142613.1	252233	252487	0
CP142613.1	252487	252530	1
CP142613.1	252530	253024	0
CP142613.1	253024	253040	1
CP142613.1	253040	253043	0
CP142613.1	253043	253146	1
CP142613.1	253146	253204	2
CP142613.1	253204	253214	1
CP142613.1	253214	253229	2
CP142613.1	253229	253281	1
CP142613.1	253281	253357	0
CP142613.1	253357	253432	1
CP142613.1	253432	253443	0
CP142613.1	253443	253482	1
CP142613.1	253482	254368	0
CP142613.1	254368	254540	1
CP142613.1	254540	254711	0
CP142613.1	254711	254896	1
CP142613.1	254896	256136	0
CP142613.1	256136	256202	1
CP142613.1	256202	256203	0
CP142613.1	256203	256270	1
CP142613.1	256270	256361	0
CP142613.1	256361	256386	1
CP142613.1	256386	256387	0
CP142613.1	256387	256401	1
CP142613.1	256401	256407	0
CP142613.1	256407	256449	1
CP142613.1	256449	256473	0
CP142613.1	256473	256566	1
CP142613.1	256566	258267	0
CP142613.1	258267	258429	1
CP142613.1	258429	259221	0
CP142613.1	259221	259239	1
CP142613.1	259239	259245	0
CP142613.1	259245	259261	1
CP142613.1	259261	259336	2
CP142613.1	259336	259368	1
CP142613.1	259368	259420	0
CP142613.1	259420	259480	1
CP142613.1	259480	260111	0
CP142613.1	260111	260146	1
CP142613.1	260146	260150	0
CP142613.1	260150	260171	1
CP142613.1	260171	260740	0
CP142613.1	260740	260800	1
CP142613.1	260800	261615	0
CP142613.1	261615	261705	1
CP142613.1	261705	261706	0
CP142613.1	261706	261718	1
CP142613.1	261718	264947	0
CP142613.1	264947	265000	1
CP142613.1	265000	265026	0
CP142613.1	265026	265159	1
CP142613.1	265159	265916	0
CP142613.1	265916	266002	1
CP142613.1	266002	268606	0
CP142613.1	268606	268737	1
CP142613.1	268737	269881	0
CP142613.1	269881	269945	1
CP142613.1	269945	270069	0
CP142613.1	270069	270106	1
CP142613.1	270106	270107	0
CP142613.1	270107	270137	1
CP142613.1	270137	270960	0
CP142613.1	270960	270995	1
CP142613.1	270995	270996	0
CP142613.1	270996	271072	1
CP142613.1	271072	271921	0
CP142613.1	271921	271975	1
CP142613.1	271975	271977	0
CP142613.1	271977	272177	1
CP142613.1	272177	275842	0
CP142613.1	275842	275919	1
CP142613.1	275919	277605	0
CP142613.1	277605	277694	1
CP142613.1	277694	279579	0
CP142613.1	279579	279690	1
CP142613.1	279690	279691	0
CP142613.1	279691	279888	1
CP142613.1	279888	282502	0
CP142613.1	282502	282542	1
CP142613.1	282542	282545	0
CP142613.1	282545	282591	1
CP142613.1	282591	282616	2
CP142613.1	282616	282643	1
CP142613.1	282643	282837	0
CP142613.1	282837	282855	1
CP142613.1	282855	282856	0
CP142613.1	282856	282868	1
CP142613.1	282868	282869	0
CP142613.1	282869	282917	1
CP142613.1	282917	282987	0
CP142613.1	282987	283056	1
CP142613.1	283056	283512	0
CP142613.1	283512	283534	1
CP142613.1	283534	283535	0
CP142613.1	283535	283763	1
CP142613.1	283763	284071	0
CP142613.1	284071	284110	1
CP142613.1	284110	284135	0
CP142613.1	284135	284469	1
CP142613.1	284469	284713	0
CP142613.1	284713	284840	1
CP142613.1	284840	284842	0
CP142613.1	284842	284881	1
CP142613.1	284881	284882	0
CP142613.1	284882	284907	1
CP142613.1	284907	285119	0
CP142613.1	285119	285305	1
CP142613.1	285305	285306	0
CP142613.1	285306	285343	1
CP142613.1	285343	285804	0
CP142613.1	285804	286019	1
CP142613.1	286019	287076	0
CP142613.1	287076	287200	1
CP142613.1	287200	287241	0
CP142613.1	287241	287273	1
CP142613.1	287273	287274	0
CP142613.1	287274	287425	1
CP142613.1	287425	287466	0
CP142613.1	287466	287520	1
CP142613.1	287520	287825	0
CP142613.1	287825	287884	1
CP142613.1	287884	287885	0
CP142613.1	287885	287934	1
CP142613.1	287934	289512	0
CP142613.1	289512	289556	1
CP142613.1	289556	289712	0
CP142613.1	289712	289920	1
CP142613.1	289920	289938	2
CP142613.1	289938	290027	1
CP142613.1	290027	290093	0
CP142613.1	290093	290177	1
CP142613.1	290177	291542	0
CP142613.1	291542	291590	1
CP142613.1	291590	291591	0
CP142613.1	291591	291594	1
CP142613.1	291594	291596	0
CP142613.1	291596	291648	1
CP142613.1	291648	294589	0
CP142613.1	294589	294648	1
CP142613.1	294648	294796	0
CP142613.1	294796	294872	1
CP142613.1	294872	296334	0
CP142613.1	296334	296363	1
CP142613.1	296363	296364	0
CP142613.1	296364	296390	1
CP142613.1	296390	296391	0
CP142613.1	296391	296499	1
CP142613.1	296499	297180	0
CP142613.1	297180	297252	1
CP142613.1	297252	297253	0
CP142613.1	297253	297263	1
CP142613.1	297263	297322	2
CP142613.1	297322	297337	3
CP142613.1	297337	297343	2
CP142613.1	297343	297344	1
CP142613.1	297344	297352	2
CP142613.1	297352	297382	1
CP142613.1	297382	297383	0
CP142613.1	297383	297388	1
CP142613.1	297388	297393	2
CP142613.1	297393	297394	1
CP142613.1	297394	297395	2
CP142613.1	297395	297398	1
CP142613.1	297398	297429	2
CP142613.1	297429	297430	1
CP142613.1	297430	297446	2
CP142613.1	297446	297458	1
CP142613.1	297458	297459	0
CP142613.1	297459	297574	1
CP142613.1	297574	298586	0
CP142613.1	298586	298658	1
CP142613.1	298658	298660	2
CP142613.1	298660	298679	1
CP142613.1	298679	298747	2
CP142613.1	298747	298749	0
CP142613.1	298749	298781	2
CP142613.1	298781	299925	0
CP142613.1	299925	299971	1
CP142613.1	299971	300097	0
CP142613.1	300097	300176	1
CP142613.1	300176	300193	0
CP142613.1	300193	300289	1
CP142613.1	300289	301666	0
CP142613.1	301666	301702	2
CP142613.1	301702	301703	1
CP142613.1	301703	301782	2
CP142613.1	301782	301809	1
CP142613.1	301809	301863	0
CP142613.1	301863	301985	1
CP142613.1	301985	302445	0
CP142613.1	302445	302481	1
CP142613.1	302481	307490	0
CP142613.1	307490	307556	1
CP142613.1	307556	307592	0
CP142613.1	307592	307670	1
CP142613.1	307670	308658	0
CP142613.1	308658	308739	1
CP142613.1	308739	308756	2
CP142613.1	308756	308789	1
CP142613.1	308789	309162	0
CP142613.1	309162	309259	1
CP142613.1	309259	309642	0
CP142613.1	309642	309698	1
CP142613.1	309698	309700	0
CP142613.1	309700	309782	1
CP142613.1	309782	311015	0
CP142613.1	311015	311102	1
CP142613.1	311102	311104	2
CP142613.1	311104	311112	1
CP142613.1	311112	311249	2
CP142613.1	311249	311312	1
CP142613.1	311312	311313	0
CP142613.1	311313	311342	1
CP142613.1	311342	313003	0
CP142613.1	313003	313054	1
CP142613.1	313054	314572	0
CP142613.1	314572	314593	1
CP142613.1	314593	314594	0
CP142613.1	314594	314620	1
CP142613.1	314620	314969	0
CP142613.1	314969	315058	1
CP142613.1	315058	317145	0
CP142613.1	317145	317218	1
CP142613.1	317218	318507	0
CP142613.1	318507	318540	1
CP142613.1	318540	318542	0
CP142613.1	318542	318615	1
CP142613.1	318615	319761	0
CP142613.1	319761	319767	1
CP142613.1	319767	319769	2
CP142613.1	319769	319771	1
CP142613.1	319771	319781	2
CP142613.1	319781	319782	1
CP142613.1	319782	319827	2
CP142613.1	319827	319915	1
CP142613.1	319915	320274	0
CP142613.1	320274	320333	1
CP142613.1	320333	320342	0
CP142613.1	320342	320413	1
CP142613.1	320413	320979	0
CP142613.1	320979	321010	1
CP142613.1	321010	321012	0
CP142613.1	321012	321098	1
CP142613.1	321098	321099	0
CP142613.1	321099	321123	1
CP142613.1	321123	321362	0
CP142613.1	321362	321421	1
CP142613.1	321421	321422	0
CP142613.1	321422	321449	1
CP142613.1	321449	322837	0
CP142613.1	322837	322890	1
CP142613.1	322890	322898	0
CP142613.1	322898	322914	1
CP142613.1	322914	323237	0
CP142613.1	323237	323262	1
CP142613.1	323262	323263	0
CP142613.1	323263	323314	1
CP142613.1	323314	324331	0
CP142613.1	324331	324357	1
CP142613.1	324357	324385	2
CP142613.1	324385	324387	4
CP142613.1	324387	324432	2
CP142613.1	324432	324709	0
CP142613.1	324709	324800	1
CP142613.1	324800	324802	0
CP142613.1	324802	324957	1
CP142613.1	324957	325176	0
CP142613.1	325176	325238	1
CP142613.1	325238	325958	0
CP142613.1	325958	326076	1
CP142613.1	326076	326376	0
CP142613.1	326376	326410	1
CP142613.1	326410	326413	0
CP142613.1	326413	326459	1
CP142613.1	326459	327468	0
CP142613.1	327468	327602	1
CP142613.1	327602	327968	0
CP142613.1	327968	328037	1
CP142613.1	328037	328252	0
CP142613.1	328252	328409	1
CP142613.1	328409	328812	0
CP142613.1	328812	328897	1
CP142613.1	328897	328960	0
CP142613.1	328960	329081	1
CP142613.1	329081	329617	0
CP142613.1	329617	329717	1
CP142613.1	329717	330206	0
CP142613.1	330206	330327	1
CP142613.1	330327	332081	0
CP142613.1	332081	332138	1
CP142613.1	332138	332142	0
CP142613.1	332142	332174	1
CP142613.1	332174	332177	0
CP142613.1	332177	332231	1
CP142613.1	332231	332621	0
CP142613.1	332621	332650	1
CP142613.1	332650	332652	0
CP142613.1	332652	332687	1
CP142613.1	332687	333192	0
CP142613.1	333192	333243	1
CP142613.1	333243	333244	0
CP142613.1	333244	333319	1
CP142613.1	333319	333321	0
CP142613.1	333321	333343	1
CP142613.1	333343	334148	0
CP142613.1	334148	334194	1
CP142613.1	334194	334566	0
CP142613.1	334566	334656	1
CP142613.1	334656	335135	0
CP142613.1	335135	335194	1
CP142613.1	335194	335609	0
CP142613.1	335609	335634	1
CP142613.1	335634	335735	2
CP142613.1	335735	335736	1
CP142613.1	335736	335739	0
CP142613.1	335739	335853	1
CP142613.1	335853	337109	0
CP142613.1	337109	337161	1
CP142613.1	337161	337173	0
CP142613.1	337173	337228	1
CP142613.1	337228	337887	0
CP142613.1	337887	338000	1
CP142613.1	338000	338194	0
CP142613.1	338194	338286	1
CP142613.1	338286	338300	2
CP142613.1	338300	338330	1
CP142613.1	338330	338331	0
CP142613.1	338331	338355	1
CP142613.1	338355	339049	0
CP142613.1	339049	339114	1
CP142613.1	339114	339277	0
CP142613.1	339277	339319	1
CP142613.1	339319	340497	0
CP142613.1	340497	340545	1
CP142613.1	340545	340657	0
CP142613.1	340657	340751	1
CP142613.1	340751	340755	0
CP142613.1	340755	340788	1
CP142613.1	340788	346853	0
CP142613.1	346853	347001	1
CP142613.1	347001	349433	0
CP142613.1	349433	349476	1
CP142613.1	349476	349491	0
CP142613.1	349491	349608	1
CP142613.1	349608	351491	0
CP142613.1	351491	351552	1
CP142613.1	351552	351557	0
CP142613.1	351557	351611	1
CP142613.1	351611	353288	0
CP142613.1	353288	353302	1
CP142613.1	353302	353303	0
CP142613.1	353303	353366	1
CP142613.1	353366	354388	0
CP142613.1	354388	354608	1
CP142613.1	354608	355836	0
CP142613.1	355836	355855	1
CP142613.1	355855	355871	2
CP142613.1	355871	355872	1
CP142613.1	355872	355945	2
CP142613.1	355945	355973	1
CP142613.1	355973	357678	0
CP142613.1	357678	357794	1
CP142613.1	357794	358021	0
CP142613.1	358021	358073	1
CP142613.1	358073	359433	0
CP142613.1	359433	359631	1
CP142613.1	359631	359636	0
CP142613.1	359636	359652	1
CP142613.1	359652	359655	0
CP142613.1	359655	359687	1
CP142613.1	359687	359688	0
CP142613.1	359688	359712	1
CP142613.1	359712	359784	0
CP142613.1	359784	359840	1
CP142613.1	359840	361089	0
CP142613.1	361089	361149	1
CP142613.1	361149	361248	0
CP142613.1	361248	361330	1
CP142613.1	361330	362328	0
CP142613.1	362328	362448	1
CP142613.1	362448	363081	0
CP142613.1	363081	363124	1
CP142613.1	363124	363125	0
CP142613.1	363125	363184	1
CP142613.1	363184	364131	0
CP142613.1	364131	364242	1
CP142613.1	364242	364243	0
CP142613.1	364243	364262	1
CP142613.1	364262	364263	0
CP142613.1	364263	364281	1
CP142613.1	364281	365368	0
CP142613.1	365368	365555	1
CP142613.1	365555	365927	0
CP142613.1	365927	366021	1
CP142613.1	366021	366692	0
CP142613.1	366692	366779	2
CP142613.1	366779	368043	0
CP142613.1	368043	368163	1
CP142613.1	368163	368166	0
CP142613.1	368166	368240	1
CP142613.1	368240	368406	0
CP142613.1	368406	368500	1
CP142613.1	368500	368732	0
CP142613.1	368732	368779	1
CP142613.1	368779	368780	0
CP142613.1	368780	368828	1
CP142613.1	368828	369794	0
CP142613.1	369794	369903	1
CP142613.1	369903	371966	0
CP142613.1	371966	372025	1
CP142613.1	372025	372028	0
CP142613.1	372028	372209	1
CP142613.1	372209	373678	0
CP142613.1	373678	373729	1
CP142613.1	373729	374529	0
CP142613.1	374529	374585	1
CP142613.1	374585	375452	0
CP142613.1	375452	375512	1
CP142613.1	375512	375920	0
CP142613.1	375920	375985	1
CP142613.1	375985	375996	2
CP142613.1	375996	376006	1
CP142613.1	376006	376007	0
CP142613.1	376007	376054	1
CP142613.1	376054	378005	0
CP142613.1	378005	378051	1
CP142613.1	378051	378058	2
CP142613.1	378058	378060	1
CP142613.1	378060	378063	2
CP142613.1	378063	378064	1
CP142613.1	378064	378092	2
CP142613.1	378092	378093	1
CP142613.1	378093	378101	2
CP142613.1	378101	378106	1
CP142613.1	378106	378108	0
CP142613.1	378108	378121	1
CP142613.1	378121	378157	2
CP142613.1	378157	378182	1
CP142613.1	378182	378190	2
CP142613.1	378190	378240	1
CP142613.1	378240	378241	0
CP142613.1	378241	378287	1
CP142613.1	378287	379776	0
CP142613.1	379776	379925	1
CP142613.1	379925	380471	0
CP142613.1	380471	380518	1
CP142613.1	380518	380563	2
CP142613.1	380563	380568	1
CP142613.1	380568	380571	2
CP142613.1	380571	380586	1
CP142613.1	380586	380601	2
CP142613.1	380601	380604	1
CP142613.1	380604	380663	2
CP142613.1	380663	380666	0
CP142613.1	380666	380684	2
CP142613.1	380684	380717	1
CP142613.1	380717	380719	0
CP142613.1	380719	380748	1
CP142613.1	380748	383188	0
CP142613.1	383188	383309	1
CP142613.1	383309	383970	0
CP142613.1	383970	384006	1
CP142613.1	384006	384007	0
CP142613.1	384007	384062	1
CP142613.1	384062	384388	0
CP142613.1	384388	384483	1
CP142613.1	384483	384864	0
CP142613.1	384864	385009	1
CP142613.1	385009	386222	0
CP142613.1	386222	386258	1
CP142613.1	386258	386259	0
CP142613.1	386259	386291	1
CP142613.1	386291	387003	0
CP142613.1	387003	387053	1
CP142613.1	387053	388083	0
CP142613.1	388083	388240	1
CP142613.1	388240	388316	0
CP142613.1	388316	388569	1
CP142613.1	388569	389227	0
CP142613.1	389227	389477	1
CP142613.1	389477	390927	0
CP142613.1	390927	390944	1
CP142613.1	390944	390947	0
CP142613.1	390947	391028	1
CP142613.1	391028	391029	0
CP142613.1	391029	391062	1
CP142613.1	391062	391070	0
CP142613.1	391070	391150	1
CP142613.1	391150	391261	2
CP142613.1	391261	391288	1
CP142613.1	391288	391362	0
CP142613.1	391362	391433	1
CP142613.1	391433	394528	0
CP142613.1	394528	394610	1
CP142613.1	394610	395361	0
CP142613.1	395361	395439	1
CP142613.1	395439	396548	0
CP142613.1	396548	396594	1
CP142613.1	396594	396767	0
CP142613.1	396767	396811	1
CP142613.1	396811	397020	0
CP142613.1	397020	397168	1
CP142613.1	397168	397633	0
CP142613.1	397633	397735	1
CP142613.1	397735	398348	0
CP142613.1	398348	398445	1
CP142613.1	398445	398934	0
CP142613.1	398934	398936	1
CP142613.1	398936	399014	2
CP142613.1	399014	399031	1
CP142613.1	399031	399706	0
CP142613.1	399706	399788	1
CP142613.1	399788	400255	0
CP142613.1	400255	400316	1
CP142613.1	400316	400346	0
CP142613.1	400346	400365	1
CP142613.1	400365	400366	0
CP142613.1	400366	400432	1
CP142613.1	400432	400439	0
CP142613.1	400439	400443	1
CP142613.1	400443	400445	0
CP142613.1	400445	400497	1
CP142613.1	400497	401071	0
CP142613.1	401071	401217	1
CP142613.1	401217	401392	0
CP142613.1	401392	401481	1
CP142613.1	401481	401483	0
CP142613.1	401483	401500	1
CP142613.1	401500	403569	0
CP142613.1	403569	403603	1
CP142613.1	403603	403609	0
CP142613.1	403609	403643	1
CP142613.1	403643	404361	0
CP142613.1	404361	404474	1
CP142613.1	404474	405425	0
CP142613.1	405425	405530	1
CP142613.1	405530	405724	0
CP142613.1	405724	405745	1
CP142613.1	405745	405747	0
CP142613.1	405747	405780	1
CP142613.1	405780	405781	0
CP142613.1	405781	405847	1
CP142613.1	405847	406467	0
CP142613.1	406467	406576	1
CP142613.1	406576	407042	0
CP142613.1	407042	407126	1
CP142613.1	407126	407964	0
CP142613.1	407964	408001	1
CP142613.1	408001	408002	0
CP142613.1	408002	408028	2
CP142613.1	408028	408029	1
CP142613.1	408029	408037	2
CP142613.1	408037	408135	1
CP142613.1	408135	409136	0
CP142613.1	409136	409239	1
CP142613.1	409239	409773	0
CP142613.1	409773	409795	1
CP142613.1	409795	409797	0
CP142613.1	409797	409822	1
CP142613.1	409822	409825	0
CP142613.1	409825	409880	1
CP142613.1	409880	409894	2
CP142613.1	409894	409897	1
CP142613.1	409897	409899	0
CP142613.1	409899	409934	2
CP142613.1	409934	409964	3
CP142613.1	409964	410098	1
CP142613.1	410098	411201	0
CP142613.1	411201	411216	1
CP142613.1	411216	411261	2
CP142613.1	411261	411298	1
CP142613.1	411298	411299	0
CP142613.1	411299	411341	1
CP142613.1	411341	412893	0
CP142613.1	412893	412942	1
CP142613.1	412942	413944	0
CP142613.1	413944	414030	1
CP142613.1	414030	414031	0
CP142613.1	414031	414081	1
CP142613.1	414081	414441	0
CP142613.1	414441	414489	1
CP142613.1	414489	414543	2
CP142613.1	414543	414571	1
CP142613.1	414571	414689	0
CP142613.1	414689	414921	1
CP142613.1	414921	414983	0
CP142613.1	414983	414995	1
CP142613.1	414995	414998	0
CP142613.1	414998	415095	1
CP142613.1	415095	415575	0
CP142613.1	415575	415640	1
CP142613.1	415640	415899	0
CP142613.1	415899	416004	1
CP142613.1	416004	416593	0
CP142613.1	416593	416660	1
CP142613.1	416660	417315	0
CP142613.1	417315	417398	1
CP142613.1	417398	417885	0
CP142613.1	417885	417993	1
CP142613.1	417993	420565	0
CP142613.1	420565	420680	1
CP142613.1	420680	422528	0
CP142613.1	422528	422587	1
CP142613.1	422587	423644	0
CP142613.1	423644	423777	1
CP142613.1	423777	423778	0
CP142613.1	423778	423815	1
CP142613.1	423815	424092	0
CP142613.1	424092	424096	1
CP142613.1	424096	424129	2
CP142613.1	424129	424198	3
CP142613.1	424198	424207	2
CP142613.1	424207	424210	1
CP142613.1	424210	424212	0
CP142613.1	424212	424371	1
CP142613.1	424371	424700	0
CP142613.1	424700	424762	1
CP142613.1	424762	424798	0
CP142613.1	424798	424886	1
CP142613.1	424886	424998	0
CP142613.1	424998	425003	1
CP142613.1	425003	425004	0
CP142613.1	425004	425020	1
CP142613.1	425020	425021	0
CP142613.1	425021	425093	1
CP142613.1	425093	427449	0
CP142613.1	427449	427509	1
CP142613.1	427509	427510	0
CP142613.1	427510	427561	1
CP142613.1	427561	428426	0
CP142613.1	428426	428440	1
CP142613.1	428440	428441	0
CP142613.1	428441	428521	1
CP142613.1	428521	428524	0
CP142613.1	428524	428681	1
CP142613.1	428681	429243	0
CP142613.1	429243	429368	1
CP142613.1	429368	429465	0
CP142613.1	429465	429600	1
CP142613.1	429600	431781	0
CP142613.1	431781	431815	1
CP142613.1	431815	431818	0
CP142613.1	431818	431853	1
CP142613.1	431853	432099	0
CP142613.1	432099	432145	1
CP142613.1	432145	432146	0
CP142613.1	432146	432210	1
CP142613.1	432210	432701	0
CP142613.1	432701	432750	1
CP142613.1	432750	432867	0
CP142613.1	432867	432952	1
CP142613.1	432952	437377	0
CP142613.1	437377	437489	1
CP142613.1	437489	437490	0
CP142613.1	437490	437533	1
CP142613.1	437533	437920	0
CP142613.1	437920	437962	1
CP142613.1	437962	439119	0
CP142613.1	439119	439175	1
CP142613.1	439175	439288	0
CP142613.1	439288	439313	1
CP142613.1	439313	439314	0
CP142613.1	439314	439425	1
CP142613.1	439425	439430	0
CP142613.1	439430	439460	1
CP142613.1	439460	440365	0
CP142613.1	440365	440434	1
CP142613.1	440434	441186	0
CP142613.1	441186	441244	1
CP142613.1	441244	444975	0
CP142613.1	444975	445076	1
CP142613.1	445076	446615	0
CP142613.1	446615	446714	1
CP142613.1	446714	448014	0
CP142613.1	448014	448030	1
CP142613.1	448030	448031	0
CP142613.1	448031	448148	1
CP142613.1	448148	448160	0
CP142613.1	448160	448258	1
CP142613.1	448258	449516	0
CP142613.1	449516	449611	1
CP142613.1	449611	452132	0
CP142613.1	452132	452164	1
CP142613.1	452164	452759	0
CP142613.1	452759	452843	1
CP142613.1	452843	453874	0
CP142613.1	453874	454019	1
CP142613.1	454019	454125	0
CP142613.1	454125	454195	1
CP142613.1	454195	454196	0
CP142613.1	454196	454263	1
CP142613.1	454263	454344	0
CP142613.1	454344	454437	1
CP142613.1	454437	456539	0
CP142613.1	456539	456634	1
CP142613.1	456634	456765	0
CP142613.1	456765	456832	1
CP142613.1	456832	457336	0
CP142613.1	457336	457402	1
CP142613.1	457402	457538	0
CP142613.1	457538	457612	1
CP142613.1	457612	458710	0
CP142613.1	458710	458825	1
CP142613.1	458825	461918	0
CP142613.1	461918	461950	1
CP142613.1	461950	462140	0
CP142613.1	462140	462191	1
CP142613.1	462191	462353	0
CP142613.1	462353	462419	1
CP142613.1	462419	462786	0
CP142613.1	462786	462911	1
CP142613.1	462911	462938	0
CP142613.1	462938	462987	1
CP142613.1	462987	462988	0
CP142613.1	462988	463028	1
CP142613.1	463028	463993	0
CP142613.1	463993	464067	1
CP142613.1	464067	466219	0
CP142613.1	466219	466283	1
CP142613.1	466283	466284	0
CP142613.1	466284	466383	1
CP142613.1	466383	466385	0
CP142613.1	466385	466394	1
CP142613.1	466394	466543	0
CP142613.1	466543	466629	1
CP142613.1	466629	467022	0
CP142613.1	467022	467031	1
CP142613.1	467031	467032	0
CP142613.1	467032	467076	1
CP142613.1	467076	467272	0
CP142613.1	467272	467345	1
CP142613.1	467345	468568	0
CP142613.1	468568	468687	1
CP142613.1	468687	468815	0
CP142613.1	468815	468874	1
CP142613.1	468874	470132	0
CP142613.1	470132	470172	1
CP142613.1	470172	470208	0
CP142613.1	470208	470217	1
CP142613.1	470217	470218	0
CP142613.1	470218	470259	1
CP142613.1	470259	470645	0
CP142613.1	470645	470701	1
CP142613.1	470701	471353	0
CP142613.1	471353	471477	1
CP142613.1	471477	471811	0
CP142613.1	471811	471967	1
CP142613.1	471967	474300	0
CP142613.1	474300	474348	1
CP142613.1	474348	474590	0
CP142613.1	474590	474882	1
CP142613.1	474882	474883	0
CP142613.1	474883	474893	1
CP142613.1	474893	475664	0
CP142613.1	475664	475727	1
CP142613.1	475727	475734	0
CP142613.1	475734	475779	1
CP142613.1	475779	476902	0
CP142613.1	476902	476957	1
CP142613.1	476957	476958	0
CP142613.1	476958	476973	1
CP142613.1	476973	479975	0
CP142613.1	479975	480012	1
CP142613.1	480012	481246	0
CP142613.1	481246	481280	1
CP142613.1	481280	481281	0
CP142613.1	481281	481296	1
CP142613.1	481296	481373	2
CP142613.1	481373	481375	1
CP142613.1	481375	481377	2
CP142613.1	481377	481388	1
CP142613.1	481388	481390	0
CP142613.1	481390	481459	1
CP142613.1	481459	483286	0
CP142613.1	483286	483331	1
CP142613.1	483331	483518	0
CP142613.1	483518	483619	1
CP142613.1	483619	484317	0
CP142613.1	484317	484458	1
CP142613.1	484458	485203	0
CP142613.1	485203	485300	1
CP142613.1	485300	485764	0
CP142613.1	485764	485863	1
CP142613.1	485863	486820	0
CP142613.1	486820	486971	1
CP142613.1	486971	486978	0
CP142613.1	486978	487055	1
CP142613.1	487055	487582	0
CP142613.1	487582	487716	1
CP142613.1	487716	487722	0
CP142613.1	487722	487741	1
CP142613.1	487741	487744	0
CP142613.1	487744	487819	1
CP142613.1	487819	489444	0
CP142613.1	489444	489589	1
CP142613.1	489589	489743	0
CP142613.1	489743	489840	1
CP142613.1	489840	492008	0
CP142613.1	492008	492072	1
CP142613.1	492072	492105	0
CP142613.1	492105	492126	1
CP142613.1	492126	492127	0
CP142613.1	492127	492188	1
CP142613.1	492188	492354	0
CP142613.1	492354	492426	1
CP142613.1	492426	492927	0
CP142613.1	492927	492983	1
CP142613.1	492983	493052	0
CP142613.1	493052	493148	1
CP142613.1	493148	495249	0
CP142613.1	495249	495396	1
CP142613.1	495396	495397	0
CP142613.1	495397	495404	1
CP142613.1	495404	496512	0
CP142613.1	496512	496677	1
CP142613.1	496677	496785	0
CP142613.1	496785	496839	1
CP142613.1	496839	496861	2
CP142613.1	496861	496891	1
CP142613.1	496891	496892	0
CP142613.1	496892	496908	1
CP142613.1	496908	496922	2
CP142613.1	496922	496939	1
CP142613.1	496939	496942	0
CP142613.1	496942	497068	1
CP142613.1	497068	497548	0
CP142613.1	497548	497609	1
CP142613.1	497609	497619	0
CP142613.1	497619	497643	1
CP142613.1	497643	499177	0
CP142613.1	499177	499239	1
CP142613.1	499239	499643	0
CP142613.1	499643	499689	1
CP142613.1	499689	499691	0
CP142613.1	499691	499733	1
CP142613.1	499733	499740	0
CP142613.1	499740	499853	1
CP142613.1	499853	500213	0
CP142613.1	500213	500264	1
CP142613.1	500264	500265	0
CP142613.1	500265	500393	1
CP142613.1	500393	500864	0
CP142613.1	500864	500917	1
CP142613.1	500917	501078	0
CP142613.1	501078	501278	1
CP142613.1	501278	501859	0
CP142613.1	501859	501918	1
CP142613.1	501918	502248	0
CP142613.1	502248	502370	1
CP142613.1	502370	504386	0
CP142613.1	504386	504426	1
CP142613.1	504426	504430	0
CP142613.1	504430	504462	1
CP142613.1	504462	506982	0
CP142613.1	506982	507004	1
CP142613.1	507004	507005	0
CP142613.1	507005	507059	1
CP142613.1	507059	507119	2
CP142613.1	507119	507178	1
CP142613.1	507178	507688	0
CP142613.1	507688	507743	1
CP142613.1	507743	507745	0
CP142613.1	507745	507751	1
CP142613.1	507751	507754	0
CP142613.1	507754	507852	1
CP142613.1	507852	507855	0
CP142613.1	507855	507875	1
CP142613.1	507875	511348	0
CP142613.1	511348	511437	1
CP142613.1	511437	511500	0
CP142613.1	511500	511700	1
CP142613.1	511700	511869	0
CP142613.1	511869	511986	1
CP142613.1	511986	512989	0
CP142613.1	512989	513044	1
CP142613.1	513044	513554	0
CP142613.1	513554	513640	1
CP142613.1	513640	513988	0
CP142613.1	513988	514184	1
CP142613.1	514184	514823	0
CP142613.1	514823	514917	1
CP142613.1	514917	515784	0
CP142613.1	515784	515822	1
CP142613.1	515822	515853	0
CP142613.1	515853	515953	1
CP142613.1	515953	515955	0
CP142613.1	515955	515996	1
CP142613.1	515996	516207	0
CP142613.1	516207	516286	1
CP142613.1	516286	516778	0
CP142613.1	516778	516868	1
CP142613.1	516868	516875	2
CP142613.1	516875	516887	1
CP142613.1	516887	516890	0
CP142613.1	516890	517074	1
CP142613.1	517074	517077	2
CP142613.1	517077	517085	3
CP142613.1	517085	517115	4
CP142613.1	517115	517177	3
CP142613.1	517177	517197	2
CP142613.1	517197	517216	1
CP142613.1	517216	517714	0
CP142613.1	517714	517770	1
CP142613.1	517770	520200	0
CP142613.1	520200	520282	1
CP142613.1	520282	520715	0
CP142613.1	520715	520794	1
CP142613.1	520794	521527	0
CP142613.1	521527	521617	1
CP142613.1	521617	522382	0
CP142613.1	522382	522383	1
CP142613.1	522383	522495	2
CP142613.1	522495	522508	1
CP142613.1	522508	522775	0
CP142613.1	522775	522799	1
CP142613.1	522799	522800	0
CP142613.1	522800	522866	1
CP142613.1	522866	523459	0
CP142613.1	523459	523462	1
CP142613.1	523462	523463	0
CP142613.1	523463	523579	1
CP142613.1	523579	524073	0
CP142613.1	524073	524207	1
CP142613.1	524207	526805	0
CP142613.1	526805	526862	1
CP142613.1	526862	527057	0
CP142613.1	527057	527171	1
CP142613.1	527171	527182	0
CP142613.1	527182	527246	1
CP142613.1	527246	527247	0
CP142613.1	527247	527270	1
CP142613.1	527270	527965	0
CP142613.1	527965	528024	1
CP142613.1	528024	528733	0
CP142613.1	528733	528781	1
CP142613.1	528781	528790	0
CP142613.1	528790	528802	1
CP142613.1	528802	530568	0
CP142613.1	530568	530666	1
CP142613.1	530666	530772	0
CP142613.1	530772	530846	1
CP142613.1	530846	530980	0
CP142613.1	530980	531053	1
CP142613.1	531053	531540	0
CP142613.1	531540	531582	1
CP142613.1	531582	532017	0
CP142613.1	532017	532132	1
CP142613.1	532132	533318	0
CP142613.1	533318	533410	1
CP142613.1	533410	534468	0
CP142613.1	534468	534510	1
CP142613.1	534510	534511	0
CP142613.1	534511	534571	1
CP142613.1	534571	534732	0
CP142613.1	534732	534806	1
CP142613.1	534806	536985	0
CP142613.1	536985	537054	1
CP142613.1	537054	537852	0
CP142613.1	537852	538067	1
CP142613.1	538067	538269	0
CP142613.1	538269	538312	1
CP142613.1	538312	538314	0
CP142613.1	538314	538430	1
CP142613.1	538430	539083	0
CP142613.1	539083	539162	1
CP142613.1	539162	539740	0
CP142613.1	539740	539811	1
CP142613.1	539811	540775	0
CP142613.1	540775	540850	1
CP142613.1	540850	540876	0
CP142613.1	540876	540988	1
CP142613.1	540988	541736	0
CP142613.1	541736	541799	1
CP142613.1	541799	543228	0
CP142613.1	543228	543375	1
CP142613.1	543375	544439	0
CP142613.1	544439	544473	1
CP142613.1	544473	546369	0
CP142613.1	546369	546408	1
CP142613.1	546408	546409	0
CP142613.1	546409	546435	1
CP142613.1	546435	548900	0
CP142613.1	548900	548932	1
CP142613.1	548932	548935	0
CP142613.1	548935	548963	1
CP142613.1	548963	549206	0
CP142613.1	549206	549217	1
CP142613.1	549217	549222	0
CP142613.1	549222	549270	1
CP142613.1	549270	549675	0
CP142613.1	549675	549729	1
CP142613.1	549729	549732	0
CP142613.1	549732	549771	1
CP142613.1	549771	549779	0
CP142613.1	549779	549852	1
CP142613.1	549852	549909	0
CP142613.1	549909	549913	1
CP142613.1	549913	549981	2
CP142613.1	549981	549982	1
CP142613.1	549982	549983	0
CP142613.1	549983	549984	1
CP142613.1	549984	550092	2
CP142613.1	550092	550112	3
CP142613.1	550112	550217	2
CP142613.1	550217	550270	1
CP142613.1	550270	550300	2
CP142613.1	550300	550322	1
CP142613.1	550322	551937	0
CP142613.1	551937	552105	1
CP142613.1	552105	552106	0
CP142613.1	552106	552132	1
CP142613.1	552132	552382	0
CP142613.1	552382	552404	1
CP142613.1	552404	552405	0
CP142613.1	552405	552508	1
CP142613.1	552508	553134	0
CP142613.1	553134	553258	1
CP142613.1	553258	553752	0
CP142613.1	553752	553789	2
CP142613.1	553789	553797	1
CP142613.1	553797	553798	0
CP142613.1	553798	553827	1
CP142613.1	553827	553834	0
CP142613.1	553834	553878	1
CP142613.1	553878	553884	2
CP142613.1	553884	553926	1
CP142613.1	553926	554158	0
CP142613.1	554158	554212	1
CP142613.1	554212	554635	0
CP142613.1	554635	554697	1
CP142613.1	554697	555500	0
CP142613.1	555500	555537	1
CP142613.1	555537	555538	0
CP142613.1	555538	555622	1
CP142613.1	555622	555656	0
CP142613.1	555656	555733	1
CP142613.1	555733	556346	0
CP142613.1	556346	556466	1
CP142613.1	556466	557004	0
CP142613.1	557004	557069	1
CP142613.1	557069	557247	0
CP142613.1	557247	557391	1
CP142613.1	557391	557392	0
CP142613.1	557392	557412	1
CP142613.1	557412	557638	0
CP142613.1	557638	557721	1
CP142613.1	557721	557865	0
CP142613.1	557865	557963	1
CP142613.1	557963	558546	0
CP142613.1	558546	558586	1
CP142613.1	558586	558647	2
CP142613.1	558647	558676	1
CP142613.1	558676	559042	0
CP142613.1	559042	559086	1
CP142613.1	559086	559089	2
CP142613.1	559089	559261	1
CP142613.1	559261	560075	0
CP142613.1	560075	560153	1
CP142613.1	560153	560177	0
CP142613.1	560177	560253	1
CP142613.1	560253	562389	0
CP142613.1	562389	562475	1
CP142613.1	562475	562477	0
CP142613.1	562477	562531	1
CP142613.1	562531	563867	0
CP142613.1	563867	563893	1
CP142613.1	563893	563894	0
CP142613.1	563894	563925	1
CP142613.1	563925	564040	0
CP142613.1	564040	564169	1
CP142613.1	564169	564295	0
CP142613.1	564295	564377	1
CP142613.1	564377	564886	0
CP142613.1	564886	565009	1
CP142613.1	565009	565013	0
CP142613.1	565013	565017	1
CP142613.1	565017	565030	2
CP142613.1	565030	565062	3
CP142613.1	565062	565078	2
CP142613.1	565078	565079	1
CP142613.1	565079	565090	2
CP142613.1	565090	565092	1
CP142613.1	565092	565094	0
CP142613.1	565094	565110	2
CP142613.1	565110	565112	1
CP142613.1	565112	565113	0
CP142613.1	565113	565147	1
CP142613.1	565147	565148	0
CP142613.1	565148	565213	1
CP142613.1	565213	565401	0
CP142613.1	565401	565457	1
CP142613.1	565457	565458	0
CP142613.1	565458	565582	1
CP142613.1	565582	567408	0
CP142613.1	567408	567478	1
CP142613.1	567478	567983	0
CP142613.1	567983	568102	1
CP142613.1	568102	568943	0
CP142613.1	568943	569022	1
CP142613.1	569022	569606	0
CP142613.1	569606	569621	1
CP142613.1	569621	569622	0
CP142613.1	569622	569666	1
CP142613.1	569666	570089	0
CP142613.1	570089	570210	1
CP142613.1	570210	571813	0
CP142613.1	571813	571923	1
CP142613.1	571923	572036	0
CP142613.1	572036	572064	1
CP142613.1	572064	572094	2
CP142613.1	572094	572230	0
CP142613.1	572230	572262	1
CP142613.1	572262	572263	0
CP142613.1	572263	572293	1
CP142613.1	572293	572831	0
CP142613.1	572831	572863	1
CP142613.1	572863	572864	0
CP142613.1	572864	572961	1
CP142613.1	572961	573174	0
CP142613.1	573174	573193	1
CP142613.1	573193	573194	0
CP142613.1	573194	573197	1
CP142613.1	573197	573198	0
CP142613.1	573198	573310	1
CP142613.1	573310	574425	0
CP142613.1	574425	574544	1
CP142613.1	574544	574545	0
CP142613.1	574545	574588	1
CP142613.1	574588	575392	0
CP142613.1	575392	575436	1
CP142613.1	575436	575437	0
CP142613.1	575437	575473	1
CP142613.1	575473	576072	0
CP142613.1	576072	576165	1
CP142613.1	576165	576683	0
CP142613.1	576683	576734	1
CP142613.1	576734	576744	0
CP142613.1	576744	576819	1
CP142613.1	576819	576940	0
CP142613.1	576940	576957	1
CP142613.1	576957	576960	0
CP142613.1	576960	577038	1
CP142613.1	577038	577041	0
CP142613.1	577041	577098	1
CP142613.1	577098	577434	0
CP142613.1	577434	577570	1
CP142613.1	577570	579578	0
CP142613.1	579578	579664	1
CP142613.1	579664	580003	0
CP142613.1	580003	580023	1
CP142613.1	580023	580024	0
CP142613.1	580024	580047	1
CP142613.1	580047	580048	0
CP142613.1	580048	580143	1
CP142613.1	580143	581231	0
CP142613.1	581231	581439	1
CP142613.1	581439	581950	0
CP142613.1	581950	582074	1
CP142613.1	582074	582791	0
CP142613.1	582791	582945	1
CP142613.1	582945	584530	0
CP142613.1	584530	584648	1
CP142613.1	584648	585215	0
CP142613.1	585215	585275	1
CP142613.1	585275	585277	0
CP142613.1	585277	585307	1
CP142613.1	585307	586948	0
CP142613.1	586948	587012	1
CP142613.1	587012	587051	0
CP142613.1	587051	587105	1
CP142613.1	587105	587794	0
CP142613.1	587794	587997	1
CP142613.1	587997	589237	0
CP142613.1	589237	589280	1
CP142613.1	589280	589282	0
CP142613.1	589282	589344	1
CP142613.1	589344	589447	0
CP142613.1	589447	589500	1
CP142613.1	589500	589503	0
CP142613.1	589503	589514	1
CP142613.1	589514	592309	0
CP142613.1	592309	592398	1
CP142613.1	592398	594062	0
CP142613.1	594062	594208	1
CP142613.1	594208	595499	0
CP142613.1	595499	595651	1
CP142613.1	595651	599123	0
CP142613.1	599123	599191	1
CP142613.1	599191	599515	0
CP142613.1	599515	599692	1
CP142613.1	599692	599958	0
CP142613.1	599958	600022	1
CP142613.1	600022	600023	0
CP142613.1	600023	600047	1
CP142613.1	600047	600428	0
CP142613.1	600428	600484	1
CP142613.1	600484	600503	2
CP142613.1	600503	600601	1
CP142613.1	600601	600969	0
CP142613.1	600969	601039	1
CP142613.1	601039	601427	0
CP142613.1	601427	601471	1
CP142613.1	601471	603994	0
CP142613.1	603994	604045	1
CP142613.1	604045	604046	0
CP142613.1	604046	604056	1
CP142613.1	604056	604084	0
CP142613.1	604084	604159	1
CP142613.1	604159	604376	0
CP142613.1	604376	604406	1
CP142613.1	604406	604407	0
CP142613.1	604407	604478	1
CP142613.1	604478	604875	0
CP142613.1	604875	604973	1
CP142613.1	604973	606322	0
CP142613.1	606322	606342	1
CP142613.1	606342	606343	0
CP142613.1	606343	606415	1
CP142613.1	606415	606730	0
CP142613.1	606730	606807	1
CP142613.1	606807	606809	2
CP142613.1	606809	606886	1
CP142613.1	606886	606890	0
CP142613.1	606890	606948	1
CP142613.1	606948	606954	0
CP142613.1	606954	607028	1
CP142613.1	607028	608057	0
CP142613.1	608057	608123	1
CP142613.1	608123	608475	0
CP142613.1	608475	608519	1
CP142613.1	608519	609485	0
CP142613.1	609485	609567	1
CP142613.1	609567	609592	2
CP142613.1	609592	609673	1
CP142613.1	609673	609674	0
CP142613.1	609674	609681	1
CP142613.1	609681	609736	2
CP142613.1	609736	609750	1
CP142613.1	609750	610316	0
CP142613.1	610316	610334	1
CP142613.1	610334	610335	0
CP142613.1	610335	610355	1
CP142613.1	610355	610359	0
CP142613.1	610359	610461	1
CP142613.1	610461	612636	0
CP142613.1	612636	612719	1
CP142613.1	612719	612721	0
CP142613.1	612721	612886	1
CP142613.1	612886	612934	0
CP142613.1	612934	612997	1
CP142613.1	612997	613789	0
CP142613.1	613789	613801	1
CP142613.1	613801	613804	0
CP142613.1	613804	613896	1
CP142613.1	613896	614577	0
CP142613.1	614577	614723	1
CP142613.1	614723	615047	0
CP142613.1	615047	615190	1
CP142613.1	615190	615852	0
CP142613.1	615852	615921	1
CP142613.1	615921	616578	0
CP142613.1	616578	616590	1
CP142613.1	616590	616637	2
CP142613.1	616637	616675	1
CP142613.1	616675	616879	0
CP142613.1	616879	616964	1
CP142613.1	616964	616975	2
CP142613.1	616975	617005	3
CP142613.1	617005	617018	2
CP142613.1	617018	617032	1
CP142613.1	617032	617041	0
CP142613.1	617041	617098	1
CP142613.1	617098	618502	0
CP142613.1	618502	618519	1
CP142613.1	618519	618520	0
CP142613.1	618520	618558	1
CP142613.1	618558	618559	0
CP142613.1	618559	618608	1
CP142613.1	618608	619527	0
CP142613.1	619527	619558	1
CP142613.1	619558	619586	2
CP142613.1	619586	619608	3
CP142613.1	619608	619620	2
CP142613.1	619620	619703	1
CP142613.1	619703	619853	0
CP142613.1	619853	619993	1
CP142613.1	619993	620333	0
CP142613.1	620333	620473	1
CP142613.1	620473	620474	0
CP142613.1	620474	620513	1
CP142613.1	620513	621938	0
CP142613.1	621938	622017	1
CP142613.1	622017	622677	0
CP142613.1	622677	622795	1
CP142613.1	622795	622830	0
CP142613.1	622830	622943	1
CP142613.1	622943	623248	0
CP142613.1	623248	623332	1
CP142613.1	623332	623601	0
CP142613.1	623601	623673	1
CP142613.1	623673	625084	0
CP142613.1	625084	625142	1
CP142613.1	625142	626194	0
CP142613.1	626194	626319	1
CP142613.1	626319	627046	0
CP142613.1	627046	627081	1
CP142613.1	627081	627082	0
CP142613.1	627082	627120	1
CP142613.1	627120	627130	0
CP142613.1	627130	627164	1
CP142613.1	627164	629131	0
CP142613.1	629131	629249	1
CP142613.1	629249	629369	0
CP142613.1	629369	629472	1
CP142613.1	629472	629494	2
CP142613.1	629494	629496	1
CP142613.1	629496	629543	2
CP142613.1	629543	629547	1
CP142613.1	629547	629638	0
CP142613.1	629638	629748	1
CP142613.1	629748	630827	0
CP142613.1	630827	630974	1
CP142613.1	630974	631471	0
CP142613.1	631471	631567	1
CP142613.1	631567	631570	0
CP142613.1	631570	631664	1
CP142613.1	631664	631669	0
CP142613.1	631669	631752	1
CP142613.1	631752	632943	0
CP142613.1	632943	633016	1
CP142613.1	633016	633021	2
CP142613.1	633021	633121	1
CP142613.1	633121	633122	0
CP142613.1	633122	633147	1
CP142613.1	633147	633165	2
CP142613.1	633165	633166	0
CP142613.1	633166	633203	2
CP142613.1	633203	633238	1
CP142613.1	633238	633241	0
CP142613.1	633241	633442	1
CP142613.1	633442	634351	0
CP142613.1	634351	634396	1
CP142613.1	634396	634594	0
CP142613.1	634594	634732	1
CP142613.1	634732	634733	0
CP142613.1	634733	634745	1
CP142613.1	634745	634760	0
CP142613.1	634760	634865	1
CP142613.1	634865	635206	0
